Total Edges: 3793, Total Unique Nodes: 377
SourceID,TargetID,Weight
0 1 1
0 2 1
0 3 1
0 4 1
0 5 1
1 0 1
1 6 1
1 7 1
1 8 1
1 9 1
1 10 1
1 11 1
1 12 1
1 13 1
1 2 1
1 14 1
1 15 1
1 16 1
1 3 1
1 17 1
1 18 1
1 4 1
1 19 1
1 20 1
1 21 1
1 22 1
1 23 1
1 24 1
1 25 1
1 26 1
1 27 1
1 28 2
1 29 1
1 30 1
1 31 1
1 32 1
1 33 1
1 34 1
1 35 1
1 36 1
1 37 1
1 38 1
1 5 10
1 39 1
1 40 1
1 41 2
1 42 1
1 43 1
1 44 1
1 45 1
1 46 1
1 47 1
48 49 1
48 50 1
48 51 1
48 52 1
48 53 1
54 15 1
54 55 1
54 36 1
56 57 1
56 58 1
56 59 1
56 14 9
56 15 5
56 60 1
56 55 3
56 61 1
56 62 1
56 63 1
56 64 1
56 65 1
56 66 1
56 32 10
56 34 1
56 67 1
56 36 3
56 68 1
56 69 1
56 39 1
56 70 1
56 71 9
56 72 1
56 73 1
56 43 4
56 74 1
56 75 1
56 76 1
56 77 1
78 79 2
78 80 1
78 81 1
78 82 1
78 83 1
78 84 1
78 85 1
78 86 1
78 87 1
78 88 2
78 89 1
78 90 1
78 38 1
78 45 2
91 92 1
91 93 1
91 94 1
91 95 1
91 26 1
91 96 1
91 41 1
91 45 1
97 98 1
97 99 1
97 100 1
97 101 1
97 102 1
97 14 2
97 103 1
97 15 3
97 104 1
97 105 2
97 106 1
97 107 1
97 108 2
97 94 2
97 109 1
97 110 1
97 111 1
97 32 1
97 112 1
97 36 1
97 38 3
97 113 1
97 114 3
97 40 1
97 71 2
97 43 1
97 45 1
97 115 1
97 46 1
97 77 2
97 116 1
6 1 1
6 8 1
6 12 1
6 18 1
6 35 1
6 5 1
79 78 2
79 80 1
79 81 1
79 82 1
79 83 1
79 84 1
79 85 1
79 86 1
79 87 1
79 88 2
79 89 1
79 90 1
79 38 1
79 45 2
80 78 1
80 79 1
80 81 1
80 85 1
80 86 1
80 88 1
80 89 1
80 90 1
80 45 1
7 1 1
7 31 1
7 5 1
7 41 1
7 42 1
7 47 1
117 15 1
117 118 1
117 119 1
117 24 1
117 120 1
117 121 1
122 123 1
122 103 1
122 124 1
122 125 1
57 56 1
57 14 1
57 63 1
57 32 1
57 71 1
126 15 1
126 127 1
126 38 1
49 48 1
49 50 1
49 51 1
49 52 1
49 53 1
81 78 1
81 79 1
81 80 1
81 85 1
81 86 1
81 88 1
81 89 1
81 90 1
81 45 1
128 129 1
128 130 1
128 131 1
128 132 1
128 89 1
128 94 1
128 133 1
128 30 1
128 134 1
128 41 1
128 43 1
128 45 1
135 98 1
135 136 1
135 15 1
135 55 1
135 137 1
135 138 1
135 139 1
140 141 1
140 26 1
140 142 1
140 41 1
140 45 1
143 129 1
143 89 1
143 94 1
143 30 1
143 41 1
143 43 1
143 45 1
144 145 1
144 89 1
144 94 1
144 30 1
144 146 1
144 41 1
144 43 1
144 45 1
144 147 1
82 78 1
82 79 1
82 83 1
82 84 1
82 87 1
82 88 1
82 38 1
82 45 1
148 149 1
148 34 1
148 39 1
150 151 1
150 152 1
150 89 1
150 94 1
150 153 1
150 30 1
150 154 1
150 41 1
150 45 1
155 156 1
155 157 1
155 28 1
155 5 1
123 122 1
123 158 1
123 8 1
123 159 1
123 160 1
123 161 1
123 162 1
123 103 16
123 163 1
123 124 16
123 164 1
123 165 1
123 166 1
123 167 1
123 168 1
123 169 1
123 170 1
123 171 1
123 172 1
123 173 1
123 40 10
123 174 1
123 175 1
123 125 6
123 176 1
177 178 1
177 179 1
177 180 1
177 181 1
177 182 1
177 183 1
177 161 1
177 184 1
177 185 1
177 103 3
177 186 1
177 108 5
177 187 1
177 188 1
177 189 9
177 190 1
177 114 7
177 191 1
177 192 1
177 193 1
158 123 1
158 103 1
158 124 1
158 125 1
194 184 1
194 103 1
194 195 1
194 196 1
194 197 1
194 198 1
194 199 1
194 172 1
194 200 1
8 1 1
8 6 1
8 123 1
8 201 1
8 161 1
8 12 2
8 14 1
8 103 2
8 202 1
8 124 1
8 18 1
8 203 1
8 204 1
8 205 1
8 168 1
8 35 1
8 206 1
8 5 1
8 172 2
8 71 1
8 207 1
8 125 1
8 77 1
98 97 1
98 135 1
98 136 1
98 208 1
98 14 3
98 15 1
98 55 1
98 137 1
98 111 1
98 32 2
98 138 1
98 71 3
98 139 1
98 77 3
98 209 1
98 210 1
211 212 1
211 34 1
211 39 1
211 213 1
99 97 1
99 14 2
99 103 1
99 15 1
99 109 1
99 110 1
99 32 1
99 214 1
99 112 1
99 36 1
99 38 1
99 114 1
99 40 1
99 71 2
99 43 1
99 45 1
99 77 1
178 177 1
178 161 1
178 187 1
178 189 1
178 114 1
201 8 1
201 103 1
201 204 1
201 205 1
201 206 1
201 172 1
201 207 1
100 97 1
100 15 1
100 105 1
100 94 1
100 38 1
215 216 1
215 217 1
215 94 1
215 26 1
215 218 1
215 41 1
215 45 1
219 220 1
219 221 1
219 94 1
219 30 1
219 38 1
219 41 1
219 45 1
219 222 1
129 128 1
129 143 1
129 130 1
129 131 1
129 132 1
129 89 2
129 94 2
129 133 1
129 30 2
129 134 1
129 41 2
129 43 2
129 45 2
216 215 1
216 217 1
216 94 1
216 26 1
216 218 1
216 41 1
216 45 1
223 103 1
223 204 1
223 224 1
223 172 1
223 125 1
225 184 1
225 103 1
225 226 1
225 172 1
227 184 1
227 103 1
227 172 1
228 15 1
228 55 1
228 229 1
228 138 1
228 209 1
179 177 1
179 108 1
179 189 1
179 114 1
179 191 1
230 103 1
230 89 1
230 94 1
230 214 1
230 231 1
230 232 1
230 114 1
230 41 1
230 45 1
230 233 1
234 235 1
234 236 1
234 5 1
234 43 1
141 140 1
141 26 1
141 142 1
141 41 1
141 45 1
220 219 1
220 221 1
220 94 1
220 30 1
220 38 1
220 41 1
220 45 1
220 222 1
130 128 1
130 129 1
130 131 1
130 132 1
130 89 1
130 94 1
130 133 1
130 30 1
130 134 1
130 41 1
130 43 1
130 45 1
9 1 1
9 23 1
9 29 1
9 5 1
9 43 1
237 14 1
237 64 1
237 32 1
237 71 1
180 177 1
180 185 1
180 103 1
180 189 1
180 190 1
238 108 1
238 34 1
238 239 1
238 39 1
238 240 1
241 242 1
241 28 1
241 5 1
243 34 1
243 244 1
243 245 1
243 39 1
10 1 1
10 16 1
10 27 1
10 5 1
246 247 1
246 248 1
246 235 1
246 55 1
246 36 1
246 249 1
247 246 1
247 248 1
247 235 1
247 55 1
247 36 1
247 249 1
159 123 1
159 160 1
159 103 1
159 124 1
159 40 1
248 246 1
248 247 1
248 235 1
248 55 1
248 36 1
248 249 1
151 150 1
151 152 1
151 89 1
151 94 1
151 153 1
151 30 1
151 154 1
151 41 1
151 45 1
217 215 1
217 216 1
217 94 1
217 26 1
217 218 1
217 41 1
217 45 1
250 15 1
250 251 1
250 252 1
250 24 1
250 253 1
250 38 1
250 254 1
250 41 1
250 45 1
250 255 1
160 123 1
160 159 1
160 103 1
160 124 1
160 40 1
181 177 1
181 182 1
181 103 1
181 189 1
181 114 1
256 257 1
256 39 1
258 259 1
258 260 1
258 202 1
258 108 1
258 261 1
258 34 1
258 262 1
258 114 1
258 39 1
258 46 1
101 97 1
101 106 1
101 107 1
101 108 1
101 94 1
101 114 1
101 115 1
101 116 1
58 56 1
58 14 1
58 32 1
58 71 1
263 259 1
263 15 1
263 105 1
263 264 1
263 38 1
263 265 1
11 1 1
11 13 1
11 33 1
11 5 1
266 108 1
266 114 1
266 116 1
182 177 1
182 181 1
182 103 1
182 189 1
182 114 1
183 177 1
183 108 1
183 189 1
183 114 1
259 258 1
259 263 1
259 260 1
259 15 1
259 105 1
259 108 1
259 261 1
259 264 1
259 262 1
259 38 1
259 114 1
259 46 1
259 265 1
161 123 1
161 177 1
161 8 1
161 178 1
161 12 2
161 14 1
161 103 1
161 15 1
161 202 1
161 124 1
161 187 1
161 55 1
161 267 1
161 189 1
161 36 1
161 38 1
161 114 1
161 40 1
161 71 1
161 45 1
161 77 1
268 108 1
268 114 1
268 46 1
269 89 1
269 45 1
12 1 1
12 6 1
12 8 2
12 161 2
12 14 1
12 15 2
12 202 1
12 105 1
12 18 1
12 55 1
12 267 1
12 34 1
12 35 1
12 36 1
12 38 1
12 5 1
12 39 1
12 71 1
12 270 1
12 77 1
13 1 1
13 11 1
13 33 1
13 5 1
271 89 1
271 41 1
271 43 1
271 45 1
184 177 1
184 194 1
184 225 1
184 227 1
184 272 1
184 103 6
184 226 1
184 195 1
184 196 1
184 273 1
184 197 1
184 198 1
184 189 1
184 199 1
184 172 5
184 200 1
184 192 1
274 89 1
274 275 1
274 45 1
136 135 1
136 98 1
136 15 1
136 55 1
136 137 1
136 138 1
136 139 1
276 15 1
276 36 1
276 277 1
59 56 1
59 14 1
59 60 1
59 64 1
59 32 1
59 71 1
278 15 1
278 55 1
278 279 1
278 36 1
278 280 1
145 144 1
145 89 1
145 94 1
145 30 1
145 146 1
145 41 1
145 43 1
145 45 1
145 147 1
83 78 1
83 79 1
83 82 1
83 84 1
83 87 1
83 88 1
83 38 1
83 45 1
272 184 1
272 103 1
272 172 1
102 97 1
102 104 2
102 108 2
102 281 1
102 114 2
102 282 1
102 46 2
185 177 1
185 180 1
185 103 1
185 189 1
185 190 1
283 108 1
283 284 1
283 114 1
283 116 1
285 15 1
285 94 1
285 286 1
285 287 1
285 30 1
285 38 1
285 41 1
285 288 1
285 45 1
235 234 1
235 246 1
235 247 1
235 248 1
235 236 1
235 55 1
235 289 1
235 36 1
235 5 1
235 249 1
235 43 1
235 290 1
208 98 1
208 14 1
208 32 1
208 71 1
208 77 1
162 123 1
162 103 1
162 124 1
162 125 1
291 15 1
291 38 1
292 15 1
292 293 1
292 294 1
292 43 1
260 258 1
260 259 1
260 108 1
260 261 1
260 262 1
260 114 1
260 46 1
92 91 1
92 93 1
92 94 1
92 95 1
92 26 1
92 96 1
92 41 1
92 45 1
84 78 1
84 79 1
84 82 1
84 83 1
84 87 1
84 88 1
84 38 1
84 45 1
257 256 1
257 39 1
295 15 1
295 296 1
295 297 1
295 38 1
298 15 1
298 252 1
298 24 1
298 299 1
2 0 1
2 1 1
2 3 1
2 4 1
2 5 1
300 15 1
300 105 1
300 38 1
300 301 1
14 1 1
14 56 9
14 97 2
14 57 1
14 8 1
14 98 3
14 99 2
14 237 1
14 58 1
14 161 1
14 12 1
14 59 1
14 208 1
14 103 1
14 15 3
14 302 1
14 303 1
14 202 1
14 60 1
14 304 1
14 305 1
14 20 1
14 109 1
14 61 3
14 24 1
14 26 1
14 110 1
14 63 1
14 306 1
14 64 2
14 111 1
14 28 1
14 30 1
14 66 1
14 32 14
14 214 1
14 34 3
14 112 1
14 67 1
14 36 2
14 38 2
14 114 1
14 5 1
14 69 1
14 39 2
14 70 1
14 40 2
14 71 20
14 72 1
14 73 1
14 41 1
14 43 6
14 44 1
14 74 1
14 45 2
14 307 1
14 76 1
14 46 1
14 77 11
14 209 1
14 308 1
14 210 1
221 219 1
221 220 1
221 94 1
221 30 1
221 38 1
221 41 1
221 45 1
221 222 1
103 97 1
103 122 1
103 123 16
103 177 3
103 158 1
103 194 1
103 8 2
103 99 1
103 201 1
103 223 1
103 225 1
103 227 1
103 230 1
103 180 1
103 159 1
103 160 1
103 181 1
103 182 1
103 161 1
103 184 6
103 272 1
103 185 1
103 162 1
103 14 1
103 163 1
103 15 1
103 226 1
103 124 16
103 195 1
103 89 1
103 94 1
103 196 1
103 109 1
103 164 1
103 204 2
103 110 1
103 165 1
103 309 1
103 166 1
103 205 1
103 167 1
103 168 1
103 273 1
103 169 1
103 170 1
103 171 1
103 224 1
103 214 1
103 197 1
103 231 1
103 198 1
103 189 3
103 232 1
103 112 1
103 310 1
103 36 1
103 190 1
103 206 1
103 38 1
103 114 3
103 199 1
103 172 10
103 173 1
103 40 11
103 71 1
103 174 1
103 200 1
103 41 1
103 43 1
103 207 2
103 45 2
103 233 1
103 175 1
103 125 9
103 77 1
103 192 1
103 176 1
163 123 1
163 103 1
163 124 1
163 40 1
15 1 1
15 54 1
15 56 5
15 97 3
15 117 1
15 126 1
15 135 1
15 98 1
15 99 1
15 100 1
15 228 1
15 250 1
15 263 1
15 259 1
15 161 1
15 12 2
15 136 1
15 276 1
15 278 1
15 285 1
15 291 1
15 292 1
15 295 1
15 298 1
15 300 1
15 14 3
15 103 1
15 311 1
15 312 1
15 293 1
15 313 1
15 314 1
15 315 1
15 316 1
15 317 1
15 105 7
15 318 1
15 296 1
15 94 3
15 286 1
15 20 1
15 252 5
15 55 14
15 109 1
15 118 1
15 264 1
15 62 1
15 119 1
15 319 1
15 320 1
15 321 1
15 24 10
15 322 1
15 120 1
15 26 1
15 110 1
15 287 1
15 323 1
15 297 1
15 279 1
15 137 1
15 65 1
15 299 1
15 324 1
15 325 1
15 28 1
15 30 2
15 326 1
15 267 1
15 327 1
15 328 1
15 32 3
15 229 1
15 329 1
15 330 1
15 34 1
15 331 1
15 112 1
15 138 6
15 36 12
15 68 1
15 332 1
15 127 1
15 38 16
15 277 1
15 113 1
15 114 1
15 333 1
15 5 1
15 39 1
15 334 1
15 294 1
15 254 1
15 301 1
15 40 2
15 335 1
15 121 1
15 71 2
15 336 1
15 41 2
15 337 1
15 338 1
15 288 1
15 43 4
15 339 1
15 44 1
15 139 1
15 340 1
15 74 1
15 45 3
15 75 1
15 270 1
15 280 1
15 255 1
15 46 1
15 77 1
15 265 1
15 341 1
15 209 2
15 342 1
15 343 1
15 344 1
345 346 1
345 39 1
345 71 1
345 347 1
226 225 1
226 184 1
226 103 1
226 172 1
156 155 1
156 157 1
156 28 1
156 5 1
311 15 1
311 315 1
311 55 1
311 324 1
311 36 1
302 14 1
302 305 1
302 306 1
302 71 1
302 77 1
302 308 1
312 15 1
312 318 1
312 24 1
312 322 1
312 323 1
312 327 1
131 128 1
131 129 1
131 130 1
131 132 1
131 89 1
131 94 1
131 133 1
131 30 1
131 134 1
131 41 1
131 43 1
131 45 1
152 150 1
152 151 1
152 89 1
152 94 1
152 153 1
152 30 1
152 154 1
152 41 1
152 45 1
16 1 1
16 10 1
16 27 1
16 5 1
348 89 1
348 94 1
348 30 1
348 41 1
348 45 1
293 292 1
293 15 1
293 294 1
293 43 1
236 234 1
236 235 1
236 5 1
236 43 1
313 15 1
313 55 1
313 138 1
313 209 1
303 14 1
303 71 1
303 307 1
303 77 1
104 97 1
104 102 2
104 108 2
104 281 1
104 114 2
104 282 1
104 46 2
93 91 1
93 92 1
93 94 1
93 95 1
93 26 1
93 96 1
93 41 1
93 45 1
314 15 1
314 55 1
314 138 1
186 177 1
186 108 1
186 189 1
186 114 1
315 15 1
315 311 1
315 55 1
315 324 1
315 36 1
85 78 1
85 79 1
85 80 1
85 81 1
85 86 1
85 88 1
85 89 1
85 90 1
85 45 1
202 8 1
202 258 1
202 161 1
202 12 1
202 14 1
202 34 1
202 39 1
202 71 1
202 77 1
212 211 1
212 34 1
212 39 1
212 213 1
316 15 1
316 252 1
316 24 1
316 338 1
3 0 1
3 1 1
3 2 1
3 4 1
3 5 1
317 15 1
317 321 1
317 38 1
132 128 1
132 129 1
132 130 1
132 131 1
132 89 1
132 94 1
132 133 1
132 30 1
132 134 1
132 41 1
132 43 1
132 45 1
105 97 2
105 100 1
105 263 1
105 259 1
105 12 1
105 300 1
105 15 7
105 94 2
105 264 1
105 319 1
105 38 7
105 113 1
105 301 1
105 270 1
105 265 1
105 342 1
17 1 1
17 21 1
17 5 1
318 15 1
318 312 1
318 24 1
318 322 1
318 323 1
318 327 1
86 78 1
86 79 1
86 80 1
86 81 1
86 85 1
86 88 1
86 89 1
86 90 1
86 45 1
296 295 1
296 15 1
296 297 1
296 38 1
60 56 1
60 59 1
60 14 1
60 64 1
60 32 1
60 71 1
124 122 1
124 123 16
124 158 1
124 8 1
124 159 1
124 160 1
124 161 1
124 162 1
124 103 16
124 163 1
124 164 1
124 165 1
124 166 1
124 167 1
124 168 1
124 169 1
124 170 1
124 171 1
124 172 1
124 173 1
124 40 10
124 174 1
124 175 1
124 125 6
124 176 1
18 1 1
18 6 1
18 8 1
18 12 1
18 35 1
18 5 1
87 78 1
87 79 1
87 82 1
87 83 1
87 84 1
87 88 1
87 38 1
87 45 1
88 78 2
88 79 2
88 80 1
88 81 1
88 82 1
88 83 1
88 84 1
88 85 1
88 86 1
88 87 1
88 89 1
88 90 1
88 38 1
88 45 2
304 14 1
304 71 1
304 77 1
195 194 1
195 184 1
195 103 1
195 196 1
195 197 1
195 198 1
195 199 1
195 172 1
195 200 1
4 0 1
4 1 1
4 2 1
4 3 1
4 5 1
251 250 1
251 253 1
251 38 1
251 41 1
251 45 1
106 97 1
106 101 1
106 107 1
106 108 1
106 94 1
106 114 1
106 115 1
106 116 1
107 97 1
107 101 1
107 106 1
107 108 1
107 94 1
107 114 1
107 115 1
107 116 1
349 89 1
349 350 1
349 45 1
108 97 2
108 177 5
108 179 1
108 238 1
108 258 1
108 101 1
108 266 1
108 183 1
108 259 1
108 268 1
108 102 2
108 283 1
108 260 1
108 104 2
108 186 1
108 106 1
108 107 1
108 351 1
108 352 1
108 94 1
108 261 1
108 353 1
108 284 1
108 188 1
108 354 1
108 355 1
108 356 1
108 281 1
108 34 1
108 262 1
108 189 5
108 357 1
108 358 1
108 359 1
108 360 1
108 114 20
108 239 1
108 39 1
108 361 1
108 240 1
108 191 1
108 362 1
108 282 1
108 363 1
108 115 1
108 364 1
108 46 7
108 365 1
108 366 1
108 193 1
108 116 8
367 89 1
367 368 1
367 369 1
367 43 1
367 45 1
305 14 1
305 302 1
305 306 1
305 71 1
305 77 1
305 308 1
187 177 1
187 178 1
187 161 1
187 189 1
187 114 1
203 8 1
351 108 1
351 352 1
351 114 1
351 362 1
351 365 1
351 116 1
352 108 1
352 351 1
352 114 1
352 362 1
352 365 1
352 116 1
89 78 1
89 79 1
89 80 1
89 81 1
89 128 1
89 143 1
89 144 1
89 150 1
89 129 2
89 230 1
89 130 1
89 151 1
89 269 1
89 271 1
89 274 1
89 145 1
89 103 1
89 131 1
89 152 1
89 348 1
89 85 1
89 132 1
89 86 1
89 88 1
89 349 1
89 367 1
89 94 8
89 368 1
89 275 1
89 133 1
89 370 1
89 153 1
89 350 1
89 30 7
89 371 1
89 142 1
89 146 1
89 214 1
89 231 1
89 90 1
89 232 1
89 134 1
89 369 1
89 114 1
89 154 1
89 372 1
89 41 9
89 43 8
89 45 15
89 233 1
89 373 1
89 147 1
94 91 1
94 97 2
94 128 1
94 143 1
94 144 1
94 150 1
94 100 1
94 215 1
94 219 1
94 129 2
94 216 1
94 230 1
94 220 1
94 130 1
94 151 1
94 217 1
94 101 1
94 145 1
94 285 1
94 92 1
94 221 1
94 103 1
94 15 3
94 131 1
94 152 1
94 348 1
94 93 1
94 132 1
94 105 2
94 106 1
94 107 1
94 108 1
94 89 8
94 286 1
94 95 1
94 133 1
94 319 1
94 370 1
94 26 2
94 287 1
94 153 1
94 30 9
94 371 1
94 142 1
94 146 1
94 214 1
94 231 1
94 96 1
94 232 1
94 218 1
94 134 1
94 38 4
94 114 2
94 154 1
94 372 1
94 41 12
94 288 1
94 43 5
94 45 12
94 233 1
94 373 1
94 115 1
94 147 1
94 222 1
94 116 1
368 367 1
368 89 1
368 369 1
368 43 1
368 45 1
196 194 1
196 184 1
196 103 1
196 195 1
196 197 1
196 198 1
196 199 1
196 172 1
196 200 1
19 1 1
19 25 1
19 5 1
286 285 1
286 15 1
286 94 1
286 287 1
286 30 1
286 38 1
286 41 1
286 288 1
286 45 1
20 1 1
20 14 1
20 15 1
20 24 1
20 26 1
20 28 1
20 30 1
20 32 1
20 34 1
20 36 1
20 38 1
20 5 1
20 39 1
20 40 1
20 41 1
20 44 1
20 45 1
20 46 1
252 250 1
252 298 1
252 15 5
252 316 1
252 24 5
252 299 1
252 329 1
252 333 1
252 254 1
252 338 1
252 339 1
252 340 1
252 255 1
55 54 1
55 56 3
55 135 1
55 98 1
55 228 1
55 246 1
55 247 1
55 248 1
55 161 1
55 12 1
55 136 1
55 278 1
55 235 1
55 15 14
55 311 1
55 313 1
55 314 1
55 315 1
55 62 1
55 279 1
55 137 1
55 65 1
55 324 1
55 267 1
55 328 1
55 229 1
55 330 1
55 138 5
55 36 10
55 68 1
55 249 1
55 334 1
55 337 1
55 139 1
55 75 1
55 280 1
55 341 1
55 209 2
55 343 1
109 97 1
109 99 1
109 14 1
109 103 1
109 15 1
109 110 1
109 112 1
109 36 1
109 38 1
109 114 1
109 40 1
109 71 1
109 43 1
109 45 1
109 77 1
261 258 1
261 259 1
261 260 1
261 108 1
261 262 1
261 114 1
261 46 1
164 123 1
164 103 1
164 124 1
164 40 1
118 117 1
118 15 1
118 119 1
118 24 1
118 120 1
118 121 1
275 274 1
275 89 1
275 45 1
61 56 1
61 14 3
61 66 1
61 32 1
61 34 2
61 69 1
61 39 1
61 70 1
61 71 2
61 43 2
61 77 3
21 1 1
21 17 1
21 5 1
22 1 1
22 28 1
22 37 1
22 5 1
353 108 1
353 354 1
353 355 1
353 360 1
353 114 1
353 116 1
204 8 1
204 201 1
204 223 1
204 103 2
204 205 1
204 224 1
204 206 1
204 172 2
204 207 1
204 125 1
157 155 1
157 156 1
157 28 1
157 5 1
95 91 1
95 92 1
95 93 1
95 94 1
95 26 1
95 96 1
95 41 1
95 45 1
133 128 1
133 129 1
133 130 1
133 131 1
133 132 1
133 89 1
133 94 1
133 30 1
133 134 1
133 41 1
133 43 1
133 45 1
264 263 1
264 259 1
264 15 1
264 105 1
264 38 1
264 265 1
62 56 1
62 15 1
62 55 1
62 36 1
62 75 1
23 1 1
23 9 1
23 29 1
23 5 1
23 43 1
119 117 1
119 15 1
119 118 1
119 24 1
119 120 1
119 121 1
319 15 1
319 105 1
319 94 1
319 38 1
242 241 1
242 28 1
242 5 1
320 15 1
320 331 1
320 138 1
320 336 1
370 89 1
370 94 1
370 30 1
370 371 1
370 372 1
370 41 1
370 43 1
370 45 1
284 283 1
284 108 1
284 114 1
284 116 1
321 15 1
321 317 1
321 38 1
24 1 1
24 117 1
24 250 1
24 298 1
24 14 1
24 15 10
24 312 1
24 316 1
24 318 1
24 20 1
24 252 5
24 118 1
24 119 1
24 322 1
24 120 1
24 26 1
24 323 1
24 299 1
24 28 1
24 30 1
24 327 1
24 32 1
24 329 1
24 34 1
24 36 1
24 332 1
24 38 1
24 333 1
24 5 1
24 39 1
24 254 1
24 40 1
24 121 1
24 41 1
24 338 1
24 339 1
24 44 1
24 340 1
24 45 1
24 255 1
24 46 1
24 344 1
322 15 1
322 312 1
322 318 1
322 24 1
322 323 1
322 327 1
25 1 1
25 19 1
25 5 1
253 250 1
253 251 1
253 38 1
253 41 1
253 45 1
120 117 1
120 15 1
120 118 1
120 119 1
120 24 1
120 121 1
26 1 1
26 91 1
26 140 1
26 215 1
26 216 1
26 141 1
26 217 1
26 92 1
26 14 1
26 15 1
26 93 1
26 94 2
26 20 1
26 95 1
26 24 1
26 28 1
26 30 1
26 374 1
26 142 1
26 32 1
26 34 1
26 96 1
26 218 1
26 36 1
26 38 1
26 5 1
26 39 1
26 40 1
26 41 5
26 44 1
26 45 5
26 46 1
110 97 1
110 99 1
110 14 1
110 103 1
110 15 1
110 109 1
110 112 1
110 36 1
110 38 1
110 114 1
110 40 1
110 71 1
110 43 1
110 45 1
110 77 1
287 285 1
287 15 1
287 94 1
287 286 1
287 30 1
287 38 1
287 41 1
287 288 1
287 45 1
165 123 1
165 103 1
165 124 1
165 167 1
165 170 1
165 40 1
309 103 1
309 310 1
309 172 1
309 125 1
188 177 1
188 108 1
188 189 1
188 114 1
63 56 1
63 57 1
63 14 1
63 32 1
63 71 1
323 15 1
323 312 1
323 318 1
323 24 1
323 322 1
323 327 1
27 1 1
27 10 1
27 16 1
27 5 1
306 14 1
306 302 1
306 305 1
306 71 1
306 77 1
306 308 1
297 295 1
297 15 1
297 296 1
297 38 1
279 278 1
279 15 1
279 55 1
279 36 1
279 280 1
64 56 1
64 237 1
64 59 1
64 14 2
64 60 1
64 32 2
64 71 2
166 123 1
166 103 1
166 124 1
166 40 1
166 174 1
153 150 1
153 151 1
153 152 1
153 89 1
153 94 1
153 30 1
153 154 1
153 41 1
153 45 1
137 135 1
137 98 1
137 136 1
137 15 1
137 55 1
137 138 1
137 139 1
350 349 1
350 89 1
350 45 1
65 56 1
65 15 1
65 55 1
65 36 1
354 108 1
354 353 1
354 355 1
354 360 1
354 114 1
354 116 1
355 108 1
355 353 1
355 354 1
355 360 1
355 114 1
355 116 1
356 108 1
356 114 1
356 116 1
205 8 1
205 201 1
205 103 1
205 204 1
205 206 1
205 172 1
205 207 1
111 97 1
111 98 1
111 14 1
111 32 1
111 71 1
111 77 1
167 123 1
167 103 1
167 124 1
167 165 1
167 170 1
167 40 1
299 298 1
299 15 1
299 252 1
299 24 1
168 123 1
168 8 1
168 103 1
168 124 1
168 172 1
168 125 1
324 15 1
324 311 1
324 315 1
324 55 1
324 36 1
325 15 1
325 326 1
325 38 1
28 1 2
28 155 1
28 241 1
28 14 1
28 15 1
28 156 1
28 20 1
28 22 1
28 157 1
28 242 1
28 24 1
28 26 1
28 30 1
28 32 1
28 34 1
28 36 1
28 37 1
28 38 1
28 5 5
28 39 2
28 40 1
28 41 1
28 44 2
28 45 1
28 46 1
149 148 1
149 34 1
149 39 1
29 1 1
29 9 1
29 23 1
29 5 1
29 43 1
30 1 1
30 128 1
30 143 1
30 144 1
30 150 1
30 219 1
30 129 2
30 220 1
30 130 1
30 151 1
30 145 1
30 285 1
30 14 1
30 221 1
30 15 2
30 131 1
30 152 1
30 348 1
30 132 1
30 89 7
30 94 9
30 286 1
30 20 1
30 133 1
30 370 1
30 24 1
30 26 1
30 287 1
30 153 1
30 28 1
30 371 1
30 142 1
30 32 1
30 146 1
30 34 1
30 134 1
30 36 1
30 38 3
30 5 1
30 39 1
30 154 1
30 372 1
30 40 1
30 41 10
30 288 1
30 43 5
30 44 1
30 45 10
30 373 1
30 147 1
30 46 1
30 222 1
50 48 1
50 49 1
50 51 1
50 52 1
50 53 1
371 89 1
371 94 1
371 370 1
371 30 1
371 372 1
371 41 1
371 43 1
371 45 1
273 184 1
273 103 1
273 172 1
326 15 1
326 325 1
326 38 1
31 1 1
31 7 1
31 5 1
31 41 1
31 42 1
31 47 1
66 56 1
66 14 1
66 61 1
66 32 1
66 34 1
66 69 1
66 39 1
66 70 1
66 71 1
66 77 1
374 26 1
374 41 1
374 45 1
169 123 1
169 103 1
169 124 1
169 125 1
267 161 1
267 12 1
267 15 1
267 55 1
267 36 1
327 15 1
327 312 1
327 318 1
327 24 1
327 322 1
327 323 1
170 123 1
170 103 1
170 124 1
170 165 1
170 167 1
170 40 1
346 345 1
346 39 1
346 71 1
346 347 1
171 123 1
171 103 1
171 124 1
171 125 1
142 140 1
142 141 1
142 89 1
142 94 1
142 26 1
142 30 1
142 41 2
142 43 1
142 45 2
142 373 1
328 15 1
328 55 1
328 36 1
328 334 1
32 1 1
32 56 10
32 97 1
32 57 1
32 98 2
32 99 1
32 237 1
32 58 1
32 59 1
32 208 1
32 14 14
32 15 3
32 60 1
32 20 1
32 61 1
32 24 1
32 26 1
32 63 1
32 64 2
32 111 1
32 28 1
32 30 1
32 66 1
32 214 1
32 34 2
32 67 1
32 36 1
32 38 1
32 5 1
32 69 1
32 39 2
32 70 1
32 40 1
32 71 13
32 72 1
32 73 1
32 41 1
32 43 4
32 44 1
32 74 1
32 45 1
32 76 1
32 46 1
32 77 3
224 223 1
224 103 1
224 204 1
224 172 1
224 125 1
229 228 1
229 15 1
229 55 1
229 138 1
229 209 1
289 235 1
289 290 1
146 144 1
146 145 1
146 89 1
146 94 1
146 30 1
146 41 1
146 43 1
146 45 1
146 147 1
214 99 1
214 230 1
214 14 1
214 103 1
214 89 1
214 94 1
214 32 1
214 231 1
214 232 1
214 114 1
214 71 1
214 41 1
214 45 1
214 233 1
329 15 1
329 252 1
329 24 1
329 333 1
197 194 1
197 184 1
197 103 1
197 195 1
197 196 1
197 198 1
197 199 1
197 172 1
197 200 1
281 102 1
281 104 1
281 108 1
281 114 1
281 282 1
281 46 1
231 230 1
231 103 1
231 89 1
231 94 1
231 214 1
231 232 1
231 114 1
231 41 1
231 45 1
231 233 1
330 15 1
330 55 1
330 36 1
330 341 1
33 1 1
33 11 1
33 13 1
33 5 1
90 78 1
90 79 1
90 80 1
90 81 1
90 85 1
90 86 1
90 88 1
90 89 1
90 45 1
34 1 1
34 56 1
34 148 1
34 211 1
34 238 1
34 243 1
34 258 1
34 12 1
34 14 3
34 15 1
34 202 1
34 212 1
34 108 1
34 20 1
34 61 2
34 24 1
34 26 1
34 28 1
34 149 1
34 30 1
34 66 1
34 32 2
34 244 1
34 36 1
34 38 1
34 5 1
34 69 1
34 239 1
34 245 1
34 39 9
34 240 1
34 70 1
34 40 1
34 71 1
34 213 1
34 41 1
34 43 2
34 44 2
34 45 1
34 46 1
34 77 2
262 258 1
262 259 1
262 260 1
262 108 1
262 261 1
262 114 1
262 46 1
96 91 1
96 92 1
96 93 1
96 94 1
96 95 1
96 26 1
96 41 1
96 45 1
198 194 1
198 184 1
198 103 1
198 195 1
198 196 1
198 197 1
198 199 1
198 172 1
198 200 1
189 177 9
189 178 1
189 179 1
189 180 1
189 181 1
189 182 1
189 183 1
189 161 1
189 184 1
189 185 1
189 103 3
189 186 1
189 108 5
189 187 1
189 188 1
189 190 1
189 114 7
189 191 1
189 192 1
189 193 1
232 230 1
232 103 1
232 89 1
232 94 1
232 214 1
232 231 1
232 114 1
232 41 1
232 45 1
232 233 1
357 108 1
357 358 1
357 114 1
357 363 1
357 116 1
244 243 1
244 34 1
244 245 1
244 39 1
35 1 1
35 6 1
35 8 1
35 12 1
35 18 1
35 5 1
358 108 1
358 357 1
358 114 1
358 363 1
358 116 1
359 108 1
359 114 1
359 46 1
331 15 1
331 320 1
331 138 1
331 336 1
360 108 1
360 353 1
360 354 1
360 355 1
360 114 1
360 116 1
112 97 1
112 99 1
112 14 1
112 103 1
112 15 1
112 109 1
112 110 1
112 36 1
112 38 1
112 114 1
112 40 1
112 71 1
112 43 1
112 45 1
112 77 1
218 215 1
218 216 1
218 217 1
218 94 1
218 26 1
218 41 1
218 45 1
67 56 1
67 14 1
67 32 1
67 71 1
67 72 1
67 73 1
310 103 1
310 309 1
310 172 1
310 125 1
134 128 1
134 129 1
134 130 1
134 131 1
134 132 1
134 89 1
134 94 1
134 133 1
134 30 1
134 41 1
134 43 1
134 45 1
138 135 1
138 98 1
138 228 1
138 136 1
138 15 6
138 313 1
138 314 1
138 55 5
138 320 1
138 137 1
138 229 1
138 331 1
138 336 1
138 337 1
138 139 1
138 209 2
138 343 1
36 1 1
36 54 1
36 56 3
36 97 1
36 99 1
36 246 1
36 247 1
36 248 1
36 161 1
36 12 1
36 276 1
36 278 1
36 235 1
36 14 2
36 103 1
36 15 12
36 311 1
36 315 1
36 20 1
36 55 10
36 109 1
36 62 1
36 24 1
36 26 1
36 110 1
36 279 1
36 65 1
36 324 1
36 28 1
36 30 1
36 267 1
36 328 1
36 32 1
36 330 1
36 34 1
36 112 1
36 68 1
36 38 2
36 277 1
36 114 1
36 5 1
36 39 1
36 249 1
36 334 1
36 40 2
36 71 1
36 41 1
36 43 1
36 44 1
36 45 2
36 75 1
36 280 1
36 46 1
36 77 1
36 341 1
375 39 1
68 56 1
68 15 1
68 55 1
68 36 1
332 15 1
332 24 1
37 1 1
37 22 1
37 28 1
37 5 1
127 126 1
127 15 1
127 38 1
190 177 1
190 180 1
190 185 1
190 103 1
190 189 1
206 8 1
206 201 1
206 103 1
206 204 1
206 205 1
206 172 1
206 207 1
38 1 1
38 78 1
38 97 3
38 79 1
38 126 1
38 82 1
38 99 1
38 100 1
38 219 1
38 220 1
38 250 1
38 263 1
38 259 1
38 161 1
38 12 1
38 83 1
38 285 1
38 291 1
38 84 1
38 295 1
38 300 1
38 14 2
38 221 1
38 103 1
38 15 16
38 317 1
38 105 7
38 296 1
38 87 1
38 88 1
38 251 1
38 94 4
38 286 1
38 20 1
38 109 1
38 264 1
38 319 1
38 321 1
38 24 1
38 253 1
38 26 1
38 110 1
38 287 1
38 297 1
38 325 1
38 28 1
38 30 3
38 326 1
38 32 1
38 34 1
38 112 1
38 36 2
38 127 1
38 113 1
38 114 1
38 5 1
38 39 1
38 301 1
38 40 2
38 335 1
38 71 1
38 41 4
38 288 1
38 43 1
38 44 1
38 45 7
38 270 1
38 46 1
38 77 1
38 265 1
38 222 1
38 342 1
277 276 1
277 15 1
277 36 1
113 97 1
113 15 1
113 105 1
113 38 1
369 367 1
369 89 1
369 368 1
369 43 1
369 45 1
114 97 3
114 177 7
114 99 1
114 178 1
114 179 1
114 230 1
114 181 1
114 258 1
114 101 1
114 266 1
114 182 1
114 183 1
114 259 1
114 161 1
114 268 1
114 102 2
114 283 1
114 260 1
114 14 1
114 103 3
114 15 1
114 104 2
114 186 1
114 106 1
114 107 1
114 108 20
114 187 1
114 351 1
114 352 1
114 89 1
114 94 2
114 109 1
114 261 1
114 353 1
114 284 1
114 110 1
114 188 1
114 354 1
114 355 1
114 356 1
114 214 1
114 281 1
114 231 1
114 262 1
114 189 7
114 232 1
114 357 1
114 358 1
114 359 1
114 360 1
114 112 1
114 36 1
114 38 1
114 361 1
114 40 1
114 71 1
114 41 1
114 191 1
114 43 1
114 362 1
114 45 2
114 282 1
114 233 1
114 363 1
114 115 1
114 364 1
114 46 7
114 77 1
114 365 1
114 366 1
114 193 1
114 116 8
333 15 1
333 252 1
333 24 1
333 329 1
199 194 1
199 184 1
199 103 1
199 195 1
199 196 1
199 197 1
199 198 1
199 172 1
199 200 1
5 0 1
5 1 10
5 6 1
5 7 1
5 155 1
5 8 1
5 234 1
5 9 1
5 241 1
5 10 1
5 11 1
5 12 1
5 13 1
5 235 1
5 2 1
5 14 1
5 15 1
5 156 1
5 16 1
5 236 1
5 3 1
5 17 1
5 18 1
5 4 1
5 19 1
5 20 1
5 21 1
5 22 1
5 157 1
5 23 1
5 242 1
5 24 1
5 25 1
5 26 1
5 27 1
5 28 5
5 29 1
5 30 1
5 31 1
5 32 1
5 33 1
5 34 1
5 35 1
5 36 1
5 37 1
5 38 1
5 39 2
5 40 1
5 41 2
5 42 1
5 43 2
5 44 2
5 45 1
5 46 1
5 47 1
51 48 1
51 49 1
51 50 1
51 52 1
51 53 1
69 56 1
69 14 1
69 61 1
69 66 1
69 32 1
69 34 1
69 39 1
69 70 1
69 71 1
69 77 1
239 238 1
239 108 1
239 34 1
239 39 1
239 240 1
245 243 1
245 34 1
245 244 1
245 39 1
39 1 1
39 56 1
39 148 1
39 211 1
39 243 1
39 256 1
39 258 1
39 12 1
39 257 1
39 14 2
39 15 1
39 345 1
39 202 1
39 212 1
39 20 1
39 61 1
39 24 1
39 26 1
39 28 2
39 149 1
39 30 1
39 66 1
39 346 1
39 32 2
39 34 8
39 244 1
39 36 1
39 375 1
39 38 1
39 376 5
39 5 2
39 69 1
39 245 1
39 70 1
39 40 1
39 71 2
39 213 1
39 41 1
39 43 1
39 44 3
39 45 1
39 347 1
39 46 1
39 77 1
249 246 1
249 247 1
249 248 1
249 235 1
249 55 1
249 36 1
361 108 1
361 114 1
361 116 1
334 15 1
334 55 1
334 328 1
334 36 1
240 238 1
240 108 1
240 34 1
240 239 1
240 39 1
294 292 1
294 15 1
294 293 1
294 43 1
172 123 1
172 194 1
172 8 2
172 201 1
172 223 1
172 225 1
172 227 1
172 184 5
172 272 1
172 103 10
172 226 1
172 124 1
172 195 1
172 196 1
172 204 2
172 309 1
172 205 1
172 168 1
172 273 1
172 224 1
172 197 1
172 198 1
172 310 1
172 206 1
172 199 1
172 200 1
172 207 2
172 125 4
154 150 1
154 151 1
154 152 1
154 89 1
154 94 1
154 153 1
154 30 1
154 41 1
154 45 1
254 250 1
254 15 1
254 252 1
254 24 1
254 255 1
70 56 1
70 14 1
70 61 1
70 66 1
70 32 1
70 34 1
70 69 1
70 39 1
70 71 1
70 77 1
372 89 1
372 94 1
372 370 1
372 30 1
372 371 1
372 41 1
372 43 1
372 45 1
301 300 1
301 15 1
301 105 1
301 38 1
173 123 1
173 103 1
173 124 1
173 40 1
40 1 1
40 97 1
40 123 10
40 99 1
40 159 1
40 160 1
40 161 1
40 14 2
40 103 11
40 163 1
40 15 2
40 124 10
40 20 1
40 109 1
40 164 1
40 24 1
40 26 1
40 110 1
40 165 1
40 166 1
40 167 1
40 28 1
40 30 1
40 170 1
40 32 1
40 34 1
40 112 1
40 36 2
40 38 2
40 114 1
40 5 1
40 39 1
40 173 1
40 71 1
40 174 1
40 41 1
40 43 1
40 44 1
40 45 2
40 175 1
40 46 1
40 77 1
40 176 1
335 15 1
335 38 1
52 48 1
52 49 1
52 50 1
52 51 1
52 53 1
121 117 1
121 15 1
121 118 1
121 119 1
121 24 1
121 120 1
71 56 9
71 97 2
71 57 1
71 8 1
71 98 3
71 99 2
71 237 1
71 58 1
71 161 1
71 12 1
71 59 1
71 208 1
71 14 20
71 103 1
71 15 2
71 345 1
71 302 1
71 303 1
71 202 1
71 60 1
71 304 1
71 305 1
71 109 1
71 61 2
71 110 1
71 63 1
71 306 1
71 64 2
71 111 1
71 66 1
71 346 1
71 32 13
71 214 1
71 34 1
71 112 1
71 67 1
71 36 1
71 38 1
71 114 1
71 69 1
71 39 2
71 70 1
71 40 1
71 72 1
71 73 1
71 43 5
71 74 1
71 45 1
71 307 1
71 347 1
71 76 1
71 77 10
71 209 1
71 308 1
71 210 1
174 123 1
174 103 1
174 124 1
174 166 1
174 40 1
213 211 1
213 212 1
213 34 1
213 39 1
200 194 1
200 184 1
200 103 1
200 195 1
200 196 1
200 197 1
200 198 1
200 199 1
200 172 1
72 56 1
72 14 1
72 32 1
72 67 1
72 71 1
72 73 1
73 56 1
73 14 1
73 32 1
73 67 1
73 71 1
73 72 1
336 15 1
336 320 1
336 331 1
336 138 1
41 1 2
41 91 1
41 7 1
41 128 1
41 140 1
41 143 1
41 144 1
41 150 1
41 215 1
41 219 1
41 129 2
41 216 1
41 230 1
41 141 1
41 220 1
41 130 1
41 151 1
41 217 1
41 250 1
41 271 1
41 145 1
41 285 1
41 92 1
41 14 1
41 221 1
41 103 1
41 15 2
41 131 1
41 152 1
41 348 1
41 93 1
41 132 1
41 251 1
41 89 9
41 94 12
41 286 1
41 20 1
41 95 1
41 133 1
41 370 1
41 24 1
41 253 1
41 26 5
41 287 1
41 153 1
41 28 1
41 30 10
41 371 1
41 31 1
41 374 1
41 142 2
41 32 1
41 146 1
41 214 1
41 231 1
41 34 1
41 96 1
41 232 1
41 218 1
41 134 1
41 36 1
41 38 4
41 114 1
41 5 2
41 39 1
41 154 1
41 372 1
41 40 1
41 42 1
41 288 1
41 43 6
41 44 1
41 45 17
41 233 1
41 373 1
41 147 1
41 46 1
41 222 1
41 47 1
53 48 1
53 49 1
53 50 1
53 51 1
53 52 1
337 15 1
337 55 1
337 138 1
337 343 1
338 15 1
338 316 1
338 252 1
338 24 1
42 1 1
42 7 1
42 31 1
42 5 1
42 41 1
42 47 1
191 177 1
191 179 1
191 108 1
191 189 1
191 114 1
288 285 1
288 15 1
288 94 1
288 286 1
288 287 1
288 30 1
288 38 1
288 41 1
288 45 1
43 1 1
43 56 4
43 97 1
43 128 1
43 143 1
43 144 1
43 99 1
43 129 2
43 234 1
43 130 1
43 9 1
43 271 1
43 145 1
43 235 1
43 292 1
43 14 6
43 103 1
43 15 4
43 131 1
43 293 1
43 236 1
43 132 1
43 367 1
43 89 8
43 94 5
43 368 1
43 109 1
43 61 2
43 133 1
43 23 1
43 370 1
43 110 1
43 29 1
43 30 5
43 371 1
43 142 1
43 32 4
43 146 1
43 34 2
43 112 1
43 134 1
43 36 1
43 38 1
43 369 1
43 114 1
43 5 2
43 39 1
43 294 1
43 372 1
43 40 1
43 71 5
43 41 6
43 44 1
43 74 1
43 45 9
43 373 1
43 147 1
43 77 3
207 8 1
207 201 1
207 103 2
207 204 1
207 205 1
207 206 1
207 172 2
207 125 1
339 15 1
339 252 1
339 24 1
339 340 1
44 1 1
44 14 1
44 15 1
44 20 1
44 24 1
44 26 1
44 28 2
44 30 1
44 32 1
44 34 2
44 36 1
44 38 1
44 5 2
44 39 3
44 40 1
44 41 1
44 43 1
44 45 1
44 46 1
139 135 1
139 98 1
139 136 1
139 15 1
139 55 1
139 137 1
139 138 1
340 15 1
340 252 1
340 24 1
340 339 1
362 108 1
362 351 1
362 352 1
362 114 1
362 365 1
362 116 1
74 56 1
74 14 1
74 15 1
74 32 1
74 71 1
74 43 1
45 1 1
45 78 2
45 91 1
45 97 1
45 79 2
45 80 1
45 81 1
45 128 1
45 140 1
45 143 1
45 144 1
45 82 1
45 150 1
45 99 1
45 215 1
45 219 1
45 129 2
45 216 1
45 230 1
45 141 1
45 220 1
45 130 1
45 151 1
45 217 1
45 250 1
45 161 1
45 269 1
45 271 1
45 274 1
45 145 1
45 83 1
45 285 1
45 92 1
45 84 1
45 14 2
45 221 1
45 103 2
45 15 3
45 131 1
45 152 1
45 348 1
45 93 1
45 85 1
45 132 1
45 86 1
45 87 1
45 88 2
45 251 1
45 349 1
45 367 1
45 89 15
45 94 12
45 368 1
45 286 1
45 20 1
45 109 1
45 275 1
45 95 1
45 133 1
45 370 1
45 24 1
45 253 1
45 26 5
45 110 1
45 287 1
45 153 1
45 350 1
45 28 1
45 30 10
45 371 1
45 374 1
45 142 2
45 32 1
45 146 1
45 214 1
45 231 1
45 90 1
45 34 1
45 96 1
45 232 1
45 112 1
45 218 1
45 134 1
45 36 2
45 38 7
45 369 1
45 114 2
45 5 1
45 39 1
45 154 1
45 372 1
45 40 2
45 71 1
45 41 17
45 288 1
45 43 9
45 44 1
45 233 1
45 373 1
45 147 1
45 46 1
45 77 1
45 222 1
282 102 1
282 104 1
282 108 1
282 281 1
282 114 1
282 46 1
75 56 1
75 15 1
75 55 1
75 62 1
75 36 1
233 230 1
233 103 1
233 89 1
233 94 1
233 214 1
233 231 1
233 232 1
233 114 1
233 41 1
233 45 1
373 89 1
373 94 1
373 30 1
373 142 1
373 41 1
373 43 1
373 45 1
270 12 1
270 15 1
270 105 1
270 38 1
175 123 1
175 103 1
175 124 1
175 40 1
363 108 1
363 357 1
363 358 1
363 114 1
363 116 1
115 97 1
115 101 1
115 106 1
115 107 1
115 108 1
115 94 1
115 114 1
115 116 1
147 144 1
147 145 1
147 89 1
147 94 1
147 30 1
147 146 1
147 41 1
147 43 1
147 45 1
307 14 1
307 303 1
307 71 1
307 77 1
280 278 1
280 15 1
280 55 1
280 279 1
280 36 1
347 345 1
347 346 1
347 39 1
347 71 1
76 56 1
76 14 1
76 32 1
76 71 1
255 250 1
255 15 1
255 252 1
255 24 1
255 254 1
364 108 1
364 114 1
364 46 1
125 122 1
125 123 6
125 158 1
125 8 1
125 223 1
125 162 1
125 103 9
125 124 6
125 204 1
125 309 1
125 168 1
125 169 1
125 171 1
125 224 1
125 310 1
125 172 4
125 207 1
46 1 1
46 97 1
46 258 1
46 259 1
46 268 1
46 102 2
46 260 1
46 14 1
46 15 1
46 104 2
46 108 7
46 20 1
46 261 1
46 24 1
46 26 1
46 28 1
46 30 1
46 32 1
46 281 1
46 34 1
46 262 1
46 359 1
46 36 1
46 38 1
46 114 7
46 5 1
46 39 1
46 40 1
46 41 1
46 44 1
46 45 1
46 282 1
46 364 1
46 366 1
77 56 1
77 97 2
77 8 1
77 98 3
77 99 1
77 161 1
77 12 1
77 208 1
77 14 11
77 103 1
77 15 1
77 302 1
77 303 1
77 202 1
77 304 1
77 305 1
77 109 1
77 61 3
77 110 1
77 306 1
77 111 1
77 66 1
77 32 3
77 34 2
77 112 1
77 36 1
77 38 1
77 114 1
77 69 1
77 39 1
77 70 1
77 40 1
77 71 10
77 43 3
77 45 1
77 307 1
77 209 1
77 308 1
77 210 1
265 263 1
265 259 1
265 15 1
265 105 1
265 264 1
265 38 1
192 177 1
192 184 1
192 103 1
192 189 1
290 235 1
290 289 1
365 108 1
365 351 1
365 352 1
365 114 1
365 362 1
365 116 1
366 108 1
366 114 1
366 46 1
341 15 1
341 55 1
341 330 1
341 36 1
222 219 1
222 220 1
222 221 1
222 94 1
222 30 1
222 38 1
222 41 1
222 45 1
209 98 1
209 228 1
209 14 1
209 15 2
209 313 1
209 55 2
209 229 1
209 138 2
209 71 1
209 77 1
209 210 1
308 14 1
308 302 1
308 305 1
308 306 1
308 71 1
308 77 1
47 1 1
47 7 1
47 31 1
47 5 1
47 41 1
47 42 1
342 15 1
342 105 1
342 38 1
210 98 1
210 14 1
210 71 1
210 77 1
210 209 1
343 15 1
343 55 1
343 138 1
343 337 1
344 15 1
344 24 1
176 123 1
176 103 1
176 124 1
176 40 1
193 177 1
193 108 1
193 189 1
193 114 1
116 97 1
116 101 1
116 266 1
116 283 1
116 106 1
116 107 1
116 108 8
116 351 1
116 352 1
116 94 1
116 353 1
116 284 1
116 354 1
116 355 1
116 356 1
116 357 1
116 358 1
116 360 1
116 114 8
116 361 1
116 362 1
116 363 1
116 115 1
116 365 1
