Total Edges: 7065, Total Unique Nodes: 694
SourceID,TargetID,Weight
0 1 1
0 2 1
0 3 1
0 4 1
5 6 1
5 7 1
5 8 1
5 9 1
5 10 1
11 1 1
11 3 1
11 12 1
11 13 1
11 14 1
15 16 1
15 17 1
15 18 1
6 5 1
6 19 1
6 20 1
6 21 1
6 22 1
6 23 1
6 24 1
6 25 1
6 26 1
6 7 1
6 27 1
6 28 1
6 29 1
6 8 1
6 30 1
6 31 1
6 9 1
6 32 1
6 33 1
6 34 1
6 35 1
6 36 1
6 37 1
6 38 1
6 39 1
6 40 1
6 41 2
6 42 1
6 43 1
6 44 1
6 45 1
6 46 1
6 47 1
6 48 1
6 49 1
6 50 1
6 51 1
6 10 10
6 52 1
6 53 1
6 54 2
6 55 1
6 56 1
6 57 1
6 58 1
6 59 1
6 60 1
61 62 1
61 63 1
61 64 1
61 65 1
61 66 1
67 68 1
67 69 1
67 70 1
67 71 1
67 72 1
67 73 1
67 74 1
67 75 1
67 56 1
67 76 1
67 77 1
67 78 1
79 80 1
79 81 1
79 82 2
79 17 2
79 83 1
84 85 1
84 18 1
84 86 1
87 1 1
87 88 1
87 89 1
87 90 1
87 3 1
87 91 1
87 14 1
92 28 1
92 93 1
92 49 1
94 95 1
94 96 1
94 97 1
94 27 9
94 28 5
94 98 1
94 93 3
94 99 1
94 100 1
94 101 1
94 102 1
94 103 1
94 104 1
94 45 10
94 47 1
94 105 1
94 49 3
94 106 1
94 107 1
94 52 1
94 108 1
94 109 9
94 110 1
94 111 1
94 56 4
94 112 1
94 113 1
94 114 1
94 115 1
116 117 1
116 118 1
116 18 1
119 120 2
119 121 1
119 122 1
119 123 1
119 124 1
119 125 1
119 126 1
119 127 1
119 128 1
119 129 2
119 130 1
119 131 1
119 51 1
119 58 2
132 133 1
132 3 1
132 134 1
132 135 1
136 137 1
136 138 1
136 139 1
136 140 1
136 39 1
136 141 1
136 54 1
136 58 1
142 1 2
142 3 2
142 143 1
142 14 2
144 145 1
144 3 1
144 146 1
147 148 1
147 149 1
147 150 1
147 151 1
147 152 1
147 153 1
147 154 1
147 27 2
147 155 1
147 28 3
147 156 1
147 157 2
147 158 1
147 159 1
147 160 2
147 139 2
147 161 1
147 162 1
147 163 1
147 164 1
147 45 1
147 165 1
147 49 1
147 51 3
147 166 1
147 167 3
147 53 1
147 109 2
147 56 2
147 58 1
147 168 1
147 169 1
147 59 1
147 115 2
147 170 1
147 171 1
19 6 1
19 21 1
19 25 1
19 31 1
19 48 1
19 10 1
172 173 1
172 174 1
172 118 1
172 3 1
172 175 1
172 176 1
172 16 1
172 177 1
172 178 1
172 179 1
172 180 1
172 85 1
172 165 1
172 17 1
172 51 1
172 181 1
172 18 2
172 56 1
172 182 2
120 119 2
120 121 1
120 122 1
120 123 1
120 183 1
120 124 1
120 125 1
120 126 1
120 127 1
120 128 1
120 129 3
120 130 1
120 184 1
120 131 1
120 51 1
120 56 1
120 58 2
120 169 1
121 119 1
121 120 1
121 122 1
121 126 1
121 127 1
121 129 1
121 130 1
121 131 1
121 58 1
1 0 1
1 11 1
1 87 1
1 142 2
1 185 1
1 88 1
1 186 1
1 187 2
1 188 2
1 89 2
1 90 2
1 151 2
1 2 2
1 189 1
1 190 1
1 191 1
1 192 1
1 193 3
1 194 1
1 195 1
1 3 39
1 196 2
1 197 1
1 12 1
1 198 1
1 199 1
1 200 1
1 201 1
1 202 1
1 203 1
1 204 1
1 205 1
1 206 1
1 207 1
1 208 1
1 209 1
1 210 1
1 162 1
1 13 1
1 211 1
1 212 1
1 213 1
1 214 1
1 215 1
1 216 1
1 217 1
1 218 1
1 219 1
1 220 1
1 221 1
1 143 1
1 222 2
1 91 11
1 14 28
1 223 1
1 224 1
1 225 1
1 226 3
1 227 1
1 4 2
1 228 1
1 229 1
1 230 1
1 231 1
1 232 1
1 233 1
1 169 1
1 234 2
1 235 3
1 236 1
1 237 3
185 1 1
185 3 1
185 199 1
185 14 1
20 6 1
20 44 1
20 10 1
20 54 1
20 55 1
20 60 1
238 28 1
238 239 1
238 240 1
238 37 1
238 241 1
238 242 1
243 17 1
243 18 1
243 244 1
243 245 1
246 247 2
246 151 2
246 248 1
246 3 2
246 156 1
246 249 1
246 250 1
251 252 1
251 155 1
251 253 1
251 254 1
95 94 1
95 27 1
95 101 1
95 45 1
95 109 1
255 28 1
255 256 1
255 51 1
62 61 1
62 63 1
62 64 1
62 65 1
62 66 1
257 183 1
257 151 1
257 155 1
257 258 1
257 259 1
257 76 1
257 169 1
122 119 1
122 120 1
122 121 1
122 126 1
122 127 1
122 129 1
122 130 1
122 131 1
122 58 1
117 116 1
117 118 1
117 18 1
88 87 1
88 1 1
88 89 1
88 90 1
88 3 1
88 91 1
88 14 1
260 261 1
260 262 1
260 263 1
260 264 1
260 130 1
260 139 1
260 265 1
260 43 1
260 266 1
260 54 1
260 56 1
260 58 1
247 246 2
247 151 2
247 248 1
247 3 2
247 156 1
247 249 1
247 250 1
267 268 1
267 69 2
267 269 1
267 270 1
267 271 1
267 74 2
267 56 1
267 76 2
267 78 2
272 151 4
272 273 1
272 274 1
272 275 1
272 276 1
272 165 1
272 277 1
272 169 4
278 148 1
278 279 1
278 28 1
278 93 1
278 280 1
278 281 1
278 282 1
173 172 1
173 174 1
173 175 1
173 179 1
173 18 1
173 182 1
283 284 1
283 39 1
283 285 1
283 54 1
283 58 1
286 261 1
286 130 1
286 139 1
286 43 1
286 54 1
286 56 1
286 58 1
287 288 1
287 130 1
287 139 1
287 43 1
287 289 1
287 54 1
287 56 1
287 58 1
287 290 1
123 119 1
123 120 1
123 124 1
123 125 1
123 128 1
123 129 1
123 51 1
123 58 1
291 292 1
291 293 1
291 294 1
291 18 1
295 296 1
295 47 1
295 52 1
297 298 1
297 299 1
297 130 1
297 139 1
297 300 1
297 43 1
297 301 1
297 54 1
297 58 1
302 303 1
302 176 1
302 16 1
302 304 1
302 180 1
302 82 1
302 17 1
302 18 1
305 178 1
305 18 1
306 307 1
306 308 1
306 41 1
306 10 1
252 251 1
252 309 1
252 21 1
252 310 1
252 311 1
252 191 1
252 312 1
252 155 16
252 313 1
252 253 16
252 314 1
252 315 1
252 316 1
252 317 1
252 318 1
252 319 1
252 320 1
252 321 1
252 322 1
252 323 1
252 53 10
252 324 1
252 325 1
252 254 6
252 326 1
186 1 1
186 151 1
186 3 1
186 200 1
186 228 1
186 229 1
186 169 1
327 328 1
327 329 1
327 330 1
327 331 1
327 332 1
327 333 1
327 191 1
327 334 1
327 335 1
327 155 3
327 336 1
327 160 5
327 337 1
327 338 1
327 339 9
327 340 1
327 167 7
327 341 1
327 342 1
327 343 1
309 252 1
309 155 1
309 253 1
309 254 1
183 120 1
183 257 1
183 151 1
183 332 1
183 344 1
183 345 1
183 346 1
183 155 2
183 347 1
183 348 2
183 129 1
183 349 1
183 350 2
183 258 11
183 184 1
183 351 1
183 259 1
183 352 1
183 353 1
183 56 7
183 76 1
183 169 12
183 354 1
355 350 1
355 258 1
355 356 1
355 56 1
355 169 1
355 357 1
358 334 1
358 155 1
358 359 1
358 360 1
358 361 1
358 362 1
358 363 1
358 322 1
358 364 1
21 6 1
21 19 1
21 252 1
21 365 1
21 191 1
21 25 2
21 27 1
21 155 2
21 366 1
21 253 1
21 31 1
21 367 1
21 368 1
21 369 1
21 318 1
21 48 1
21 370 1
21 10 1
21 322 2
21 109 1
21 371 1
21 254 1
21 115 1
148 147 1
148 278 1
148 279 1
148 372 1
148 27 3
148 28 1
148 93 1
148 280 1
148 164 1
148 45 2
148 281 1
148 109 3
148 282 1
148 115 3
148 373 1
148 374 1
375 176 1
375 180 1
375 82 1
375 17 1
376 151 1
376 153 1
376 277 1
376 56 1
376 169 1
377 151 1
377 378 2
377 162 3
377 379 3
377 169 3
380 381 1
380 47 1
380 52 1
380 382 1
383 169 1
149 147 1
149 27 2
149 155 1
149 28 1
149 161 1
149 163 1
149 45 1
149 384 1
149 165 1
149 49 1
149 51 1
149 167 1
149 53 1
149 109 2
149 56 1
149 58 1
149 115 1
328 327 1
328 191 1
328 337 1
328 339 1
328 167 1
365 21 1
365 155 1
365 368 1
365 369 1
365 370 1
365 322 1
365 371 1
385 3 1
187 1 2
187 3 2
187 207 1
187 162 1
187 218 1
187 14 2
187 225 1
187 227 1
150 147 1
150 28 1
150 157 1
150 139 1
150 51 1
386 387 1
386 388 1
386 139 1
386 39 1
386 389 1
386 54 1
386 58 1
390 391 1
390 392 1
390 139 1
390 43 1
390 51 1
390 54 1
390 58 1
390 393 1
188 1 2
188 3 2
188 222 2
188 91 2
188 14 2
188 226 2
89 87 1
89 1 2
89 88 1
89 90 2
89 193 1
89 3 2
89 91 2
89 14 2
89 226 1
89 230 1
89 237 1
261 260 1
261 286 1
261 262 1
261 263 1
261 264 1
261 130 2
261 139 2
261 265 1
261 43 2
261 266 1
261 54 2
261 56 2
261 58 2
387 386 1
387 388 1
387 139 1
387 39 1
387 389 1
387 54 1
387 58 1
394 395 1
394 178 1
394 18 1
394 396 1
90 87 1
90 1 2
90 88 1
90 89 2
90 193 1
90 3 2
90 91 2
90 14 2
90 226 1
90 230 1
90 237 1
397 398 1
397 399 1
397 16 1
397 400 1
397 180 1
397 17 1
397 18 1
401 155 1
401 368 1
401 402 1
401 322 1
401 254 1
398 397 1
398 399 2
398 16 2
398 400 1
398 180 1
398 82 1
398 17 2
398 18 1
292 291 1
292 293 1
292 294 1
292 18 1
403 334 1
403 155 1
403 404 1
403 322 1
405 334 1
405 155 1
405 322 1
406 28 1
406 93 1
406 407 1
406 281 1
406 373 1
408 69 1
408 409 1
408 74 1
408 75 1
408 76 1
408 77 1
408 78 1
408 410 1
329 327 1
329 160 1
329 339 1
329 167 1
329 341 1
411 155 1
411 130 1
411 139 1
411 384 1
411 412 1
411 413 1
411 167 1
411 54 1
411 58 1
411 414 1
415 416 1
415 417 1
415 10 1
415 56 1
284 283 1
284 39 1
284 285 1
284 54 1
284 58 1
418 419 1
418 82 1
418 17 1
391 390 1
391 392 1
391 139 1
391 43 1
391 51 1
391 54 1
391 58 1
391 393 1
262 260 1
262 261 1
262 263 1
262 264 1
262 130 1
262 139 1
262 265 1
262 43 1
262 266 1
262 54 1
262 56 1
262 58 1
420 69 1
420 74 1
420 76 1
420 78 1
22 6 1
22 36 1
22 42 1
22 10 1
22 56 1
421 27 1
421 102 1
421 45 1
421 109 1
330 327 1
330 335 1
330 155 1
330 339 1
330 340 1
422 160 1
422 47 1
422 423 1
422 52 1
422 424 1
425 426 1
425 41 1
425 10 1
427 47 1
427 428 1
427 429 1
427 52 1
23 6 1
23 29 1
23 40 1
23 10 1
430 17 1
430 18 1
431 432 1
431 433 1
431 416 1
431 93 1
431 49 1
431 434 1
435 436 1
435 437 1
435 18 1
432 431 1
432 433 1
432 416 1
432 93 1
432 49 1
432 434 1
310 252 1
310 311 1
310 155 1
310 253 1
310 53 1
151 147 1
151 1 2
151 246 2
151 257 1
151 247 2
151 272 4
151 186 1
151 183 1
151 376 1
151 377 1
151 438 2
151 248 1
151 344 1
151 191 1
151 439 1
151 192 1
151 153 10
151 25 2
151 440 1
151 3 15
151 395 1
151 441 1
151 155 2
151 442 1
151 443 3
151 444 1
151 445 2
151 446 1
151 156 3
151 447 1
151 448 1
151 200 1
151 449 1
151 450 1
151 162 4
151 273 1
151 274 1
151 275 1
151 451 1
151 249 1
151 258 1
151 276 2
151 219 4
151 452 1
151 379 2
151 453 1
151 165 1
151 277 2
151 91 1
151 454 1
151 14 1
151 250 1
151 259 2
151 455 1
151 456 1
151 457 1
151 458 2
151 459 1
151 460 1
151 461 1
151 462 1
151 228 1
151 229 1
151 18 1
151 463 1
151 56 9
151 464 1
151 76 1
151 465 1
151 169 25
151 466 2
151 467 1
151 468 1
151 171 1
133 132 1
133 3 1
133 134 1
133 135 1
433 431 1
433 432 1
433 416 1
433 93 1
433 49 1
433 434 1
298 297 1
298 299 1
298 130 1
298 139 1
298 300 1
298 43 1
298 301 1
298 54 1
298 58 1
469 16 1
469 180 1
469 285 1
469 82 1
469 17 1
470 471 1
470 472 3
470 176 2
470 473 2
470 178 3
470 18 3
470 56 2
470 474 3
475 476 1
475 477 1
475 180 1
475 17 1
475 18 1
478 118 1
478 479 1
478 178 1
478 18 1
480 118 1
480 17 1
480 181 1
480 18 1
480 182 1
388 386 1
388 387 1
388 139 1
388 39 1
388 389 1
388 54 1
388 58 1
481 28 1
481 482 1
481 483 1
481 37 1
481 484 1
481 51 1
481 485 1
481 54 1
481 58 1
481 486 1
311 252 1
311 310 1
311 155 1
311 253 1
311 53 1
476 475 1
476 477 1
476 180 1
476 17 1
476 18 1
174 172 1
174 173 1
174 175 1
174 179 1
174 18 1
174 182 1
438 151 2
438 153 2
438 443 1
438 458 1
438 461 1
438 462 1
438 56 1
438 169 2
2 0 1
2 1 2
2 189 1
2 3 2
2 91 1
2 14 1
2 4 2
487 178 1
487 18 1
331 327 1
331 332 1
331 155 1
331 339 1
331 167 1
488 489 1
488 52 1
490 248 1
490 491 1
490 366 1
490 160 1
490 492 1
490 47 1
490 493 1
490 167 1
490 52 1
490 59 1
152 147 1
152 158 1
152 159 1
152 160 1
152 139 1
152 167 1
152 168 1
152 170 1
96 94 1
96 27 1
96 45 1
96 109 1
494 248 1
494 28 1
494 157 1
494 495 1
494 51 1
494 496 1
24 6 1
24 26 1
24 46 1
24 10 1
497 16 1
497 180 1
497 17 1
497 18 1
497 498 1
499 160 1
499 167 1
499 170 1
332 327 1
332 183 1
332 331 1
332 155 1
332 258 1
332 339 1
332 167 1
332 56 2
332 169 1
333 327 1
333 160 1
333 339 1
333 167 1
248 246 1
248 247 1
248 151 1
248 490 1
248 494 1
248 3 1
248 491 1
248 28 1
248 157 1
248 160 1
248 500 1
248 492 1
248 495 1
248 249 1
248 493 1
248 51 1
248 167 1
248 59 1
248 496 1
189 1 1
189 2 1
189 3 1
189 91 1
189 14 1
189 4 1
501 191 1
501 500 1
501 502 1
344 183 1
344 151 1
344 153 1
344 155 1
344 443 1
344 348 1
344 503 1
344 504 1
344 500 1
344 180 1
344 258 1
344 505 1
344 502 1
344 17 1
344 458 1
344 18 1
344 56 3
344 169 2
190 1 1
190 3 1
190 201 1
190 213 1
190 215 1
190 14 1
191 1 1
191 252 1
191 327 1
191 21 1
191 328 1
191 151 1
191 501 1
191 153 1
191 25 2
191 195 1
191 3 1
191 27 1
191 155 1
191 28 1
191 443 1
191 366 1
191 253 1
191 337 1
191 449 1
191 93 1
191 506 1
191 339 1
191 49 1
191 259 1
191 51 1
191 167 1
191 53 1
191 109 1
191 56 1
191 58 1
191 169 1
191 115 1
191 237 1
507 508 1
507 25 1
507 118 1
507 472 1
507 509 1
507 510 1
507 176 1
507 16 1
507 511 1
507 177 1
507 178 2
507 180 1
507 512 1
507 17 1
507 51 1
507 513 1
507 181 1
507 18 2
507 514 1
507 182 1
303 302 1
303 176 1
303 16 1
303 304 1
303 180 1
303 82 1
303 17 1
303 18 1
439 151 1
439 3 1
439 395 1
439 162 1
439 379 1
439 18 1
439 463 1
439 464 1
439 466 1
439 468 1
515 160 1
515 167 1
515 59 1
508 507 1
508 118 1
508 16 1
508 504 1
508 178 1
508 180 1
508 505 1
508 17 1
508 18 2
508 498 1
516 130 1
516 58 1
517 176 1
517 304 1
517 82 1
517 17 1
192 1 1
192 151 1
192 3 1
192 14 1
68 67 1
68 69 1
68 70 1
68 71 1
68 72 1
68 73 1
68 74 1
68 75 1
68 56 1
68 76 1
68 77 1
68 78 1
153 147 1
153 376 1
153 151 10
153 438 2
153 344 1
153 191 1
153 440 1
153 155 1
153 443 3
153 447 1
153 449 1
153 162 1
153 452 1
153 277 1
153 259 1
153 457 1
153 458 2
153 461 1
153 462 1
153 56 6
153 169 10
153 171 1
25 6 1
25 19 1
25 21 2
25 151 2
25 191 2
25 507 1
25 118 2
25 27 1
25 28 2
25 472 2
25 366 1
25 509 2
25 518 1
25 157 1
25 31 1
25 510 2
25 176 2
25 16 1
25 93 1
25 511 1
25 162 1
25 177 2
25 178 2
25 180 1
25 506 1
25 512 2
25 276 1
25 47 1
25 48 1
25 49 1
25 17 2
25 51 3
25 10 1
25 52 1
25 513 2
25 181 2
25 109 1
25 18 2
25 514 1
25 56 2
25 519 1
25 169 2
25 115 1
25 182 2
26 6 1
26 24 1
26 46 1
26 10 1
520 130 1
520 54 1
520 56 1
520 58 1
521 3 1
334 327 1
334 358 1
334 403 1
334 405 1
334 522 1
334 155 6
334 404 1
334 359 1
334 360 1
334 523 1
334 361 1
334 362 1
334 339 1
334 363 1
334 322 5
334 364 1
334 342 1
118 116 1
118 172 1
118 117 1
118 478 1
118 480 1
118 507 1
118 508 1
118 25 2
118 3 1
118 524 1
118 472 2
118 509 2
118 518 1
118 525 1
118 510 2
118 176 3
118 16 3
118 504 1
118 479 1
118 511 1
118 526 1
118 177 3
118 527 2
118 178 6
118 180 3
118 512 2
118 85 2
118 505 1
118 165 1
118 91 2
118 17 5
118 528 2
118 51 3
118 529 2
118 513 2
118 181 7
118 18 14
118 514 1
118 56 1
118 530 2
118 182 6
118 498 1
193 1 3
193 89 1
193 90 1
193 3 3
193 197 1
193 211 1
193 219 1
193 91 3
193 14 3
193 226 1
193 230 1
193 231 1
193 234 1
193 237 2
531 69 1
531 532 1
531 533 1
531 74 1
531 76 1
531 534 1
531 78 1
535 130 1
535 536 1
535 58 1
279 278 1
279 148 1
279 28 1
279 93 1
279 280 1
279 281 1
279 282 1
194 1 1
194 3 1
194 14 1
440 151 1
440 153 1
440 457 1
440 169 1
537 69 1
537 74 1
537 76 1
537 78 1
538 28 1
538 49 1
538 539 1
97 94 1
97 27 1
97 98 1
97 102 1
97 45 1
97 109 1
540 28 1
540 93 1
540 541 1
540 49 1
540 542 1
288 287 1
288 130 1
288 139 1
288 43 1
288 289 1
288 54 1
288 56 1
288 58 1
288 290 1
345 183 1
345 258 1
345 351 1
345 56 1
345 169 1
124 119 1
124 120 1
124 123 1
124 125 1
124 128 1
124 129 1
124 51 1
124 58 1
522 334 1
522 155 1
522 322 1
543 18 1
543 544 1
154 147 1
154 156 2
154 160 2
154 545 1
154 167 2
154 546 1
154 59 2
335 327 1
335 330 1
335 155 1
335 339 1
335 340 1
195 1 1
195 191 1
195 3 1
195 237 1
547 160 1
547 548 1
547 167 1
547 170 1
549 28 1
549 139 1
549 550 1
549 551 1
549 43 1
549 51 1
549 54 1
549 552 1
549 58 1
416 415 1
416 431 1
416 432 1
416 433 1
416 417 1
416 93 1
416 276 1
416 49 1
416 10 1
416 434 1
416 56 1
416 466 1
145 144 1
145 3 1
145 146 1
372 148 1
372 27 1
372 45 1
372 109 1
372 115 1
312 252 1
312 155 1
312 253 1
312 254 1
553 28 1
553 51 1
3 0 1
3 11 1
3 87 1
3 132 1
3 142 2
3 144 1
3 172 1
3 1 39
3 185 1
3 246 2
3 88 1
3 247 2
3 186 1
3 385 1
3 187 2
3 188 2
3 89 2
3 90 2
3 151 15
3 133 1
3 2 2
3 248 1
3 189 1
3 190 1
3 191 1
3 439 1
3 192 1
3 521 1
3 118 1
3 193 3
3 194 1
3 195 1
3 145 1
3 196 2
3 395 1
3 197 1
3 441 1
3 12 1
3 198 1
3 446 1
3 156 3
3 448 1
3 199 1
3 200 1
3 201 1
3 202 1
3 203 1
3 204 1
3 205 1
3 176 1
3 16 1
3 206 1
3 554 1
3 207 1
3 208 1
3 209 1
3 210 1
3 162 2
3 13 1
3 211 1
3 212 1
3 213 1
3 214 1
3 177 1
3 215 1
3 178 1
3 180 1
3 216 1
3 217 1
3 451 1
3 249 1
3 134 1
3 218 1
3 146 1
3 555 1
3 85 1
3 219 5
3 220 1
3 379 1
3 221 1
3 556 1
3 165 1
3 143 1
3 222 2
3 91 13
3 14 28
3 223 1
3 17 1
3 250 1
3 51 1
3 224 1
3 225 1
3 226 3
3 460 1
3 227 1
3 557 1
3 4 2
3 558 1
3 228 1
3 181 1
3 229 1
3 18 2
3 230 1
3 231 1
3 463 1
3 232 1
3 56 2
3 464 1
3 233 1
3 465 1
3 169 2
3 559 1
3 135 1
3 234 2
3 466 2
3 235 3
3 236 1
3 182 1
3 467 1
3 237 3
3 468 1
196 1 2
196 3 2
196 198 1
196 206 1
196 217 1
196 14 2
395 394 1
395 151 1
395 439 1
395 3 1
395 162 1
395 178 1
395 379 1
395 18 2
395 463 1
395 464 1
395 466 1
395 396 1
395 468 1
197 1 1
197 193 1
197 3 1
197 91 1
197 14 1
197 231 1
197 234 1
197 237 1
441 151 1
441 3 1
12 11 1
12 1 1
12 3 1
12 13 1
12 14 1
346 183 1
346 258 1
346 169 1
346 354 1
524 118 1
524 181 1
524 18 1
560 176 2
560 82 2
560 17 2
561 28 1
561 562 1
561 563 1
561 56 1
491 490 1
491 248 1
491 160 1
491 492 1
491 493 1
491 167 1
491 59 1
137 136 1
137 138 1
137 139 1
137 140 1
137 39 1
137 141 1
137 54 1
137 58 1
436 435 1
436 437 1
436 18 2
436 564 1
125 119 1
125 120 1
125 123 1
125 124 1
125 128 1
125 129 1
125 51 1
125 58 1
489 488 1
489 52 1
399 397 1
399 398 2
399 565 1
399 16 2
399 338 1
399 178 1
399 400 1
399 180 1
399 82 1
399 17 2
399 18 2
566 18 2
566 567 2
568 28 1
568 569 1
568 570 1
568 51 1
571 28 1
571 483 1
571 37 1
571 572 1
7 5 1
7 6 1
7 8 1
7 9 1
7 10 1
573 28 1
573 157 1
573 51 1
573 574 1
27 6 1
27 94 9
27 147 2
27 95 1
27 21 1
27 148 3
27 149 2
27 421 1
27 96 1
27 191 1
27 25 1
27 97 1
27 372 1
27 155 1
27 28 3
27 575 1
27 576 1
27 366 1
27 98 1
27 577 1
27 578 1
27 33 1
27 161 1
27 99 3
27 37 1
27 39 1
27 163 1
27 101 1
27 579 1
27 102 2
27 164 1
27 41 1
27 43 1
27 104 1
27 45 14
27 384 1
27 47 3
27 165 1
27 105 1
27 49 2
27 51 2
27 167 1
27 10 1
27 107 1
27 52 2
27 108 1
27 53 2
27 109 20
27 18 1
27 110 1
27 111 1
27 54 1
27 56 6
27 57 1
27 112 1
27 58 2
27 580 1
27 114 1
27 59 1
27 115 11
27 373 1
27 581 1
27 374 1
392 390 1
392 391 1
392 139 1
392 43 1
392 51 1
392 54 1
392 58 1
392 393 1
155 147 1
155 251 1
155 257 1
155 252 16
155 327 3
155 309 1
155 183 2
155 358 1
155 21 2
155 149 1
155 365 1
155 401 1
155 403 1
155 405 1
155 411 1
155 330 1
155 310 1
155 151 2
155 311 1
155 331 1
155 332 1
155 344 1
155 191 1
155 153 1
155 334 6
155 522 1
155 335 1
155 312 1
155 27 1
155 313 1
155 28 1
155 404 1
155 348 1
155 253 16
155 359 1
155 130 1
155 139 1
155 360 1
155 161 1
155 314 1
155 368 2
155 163 1
155 315 1
155 582 1
155 316 1
155 369 1
155 317 1
155 318 1
155 523 1
155 319 1
155 320 1
155 258 2
155 321 1
155 402 1
155 384 1
155 361 1
155 412 1
155 362 1
155 339 3
155 413 1
155 165 1
155 583 1
155 49 1
155 259 1
155 340 1
155 370 1
155 51 1
155 167 3
155 363 1
155 322 10
155 323 1
155 53 11
155 109 1
155 324 1
155 364 1
155 54 1
155 56 3
155 371 2
155 58 2
155 76 1
155 414 1
155 325 1
155 169 3
155 254 9
155 115 1
155 342 1
155 326 1
442 151 1
442 445 1
442 169 1
471 470 1
471 472 1
471 473 1
471 178 1
471 18 1
471 474 1
313 252 1
313 155 1
313 253 1
313 53 1
28 6 1
28 92 1
28 94 5
28 147 3
28 238 1
28 255 1
28 278 1
28 148 1
28 149 1
28 150 1
28 406 1
28 481 1
28 494 1
28 248 1
28 191 1
28 25 2
28 279 1
28 538 1
28 540 1
28 549 1
28 553 1
28 561 1
28 568 1
28 571 1
28 573 1
28 27 3
28 155 1
28 584 1
28 585 1
28 562 1
28 586 1
28 587 1
28 588 1
28 589 1
28 590 1
28 157 7
28 591 1
28 569 1
28 139 3
28 550 1
28 33 1
28 483 5
28 93 14
28 161 1
28 239 1
28 495 1
28 100 1
28 240 1
28 592 1
28 593 1
28 594 1
28 37 10
28 595 1
28 241 1
28 39 1
28 163 1
28 551 1
28 596 1
28 570 1
28 541 1
28 280 1
28 103 1
28 572 1
28 597 1
28 598 1
28 41 1
28 43 2
28 599 1
28 506 1
28 600 1
28 601 1
28 45 3
28 407 1
28 602 1
28 603 1
28 47 1
28 604 1
28 165 1
28 281 6
28 49 12
28 106 1
28 605 1
28 256 1
28 51 16
28 539 1
28 166 1
28 167 1
28 606 1
28 10 1
28 52 1
28 607 1
28 563 1
28 485 1
28 574 1
28 53 2
28 608 1
28 242 1
28 109 2
28 609 1
28 54 2
28 610 1
28 611 1
28 552 1
28 56 4
28 612 1
28 57 1
28 282 1
28 613 1
28 112 1
28 58 3
28 113 1
28 519 1
28 542 1
28 486 1
28 59 1
28 115 1
28 496 1
28 614 1
28 373 2
28 615 1
28 616 1
28 617 1
472 470 3
472 507 1
472 25 2
472 118 2
472 471 1
472 509 2
472 518 1
472 510 2
472 176 4
472 16 1
472 511 1
472 473 3
472 177 2
472 178 7
472 180 1
472 512 2
472 618 1
472 17 2
472 51 2
472 513 2
472 181 2
472 18 7
472 514 1
472 56 2
472 474 4
472 619 1
472 182 2
443 151 3
443 438 1
443 344 1
443 191 1
443 153 3
443 449 1
443 259 1
443 458 2
443 461 1
443 56 3
443 169 3
620 176 1
620 178 1
620 18 1
620 56 1
444 151 1
444 456 1
444 169 1
198 1 1
198 3 1
198 196 1
198 217 1
198 14 1
347 183 1
347 258 1
347 169 1
621 622 1
621 52 1
621 109 1
621 623 1
404 403 1
404 334 1
404 155 1
404 322 1
624 69 1
624 176 1
624 625 1
624 74 1
624 626 1
624 76 1
624 78 1
307 306 1
307 308 1
307 41 1
307 10 1
584 28 1
584 588 1
584 93 1
584 597 1
584 49 1
419 418 1
419 82 1
419 17 1
268 267 1
268 69 1
268 269 1
268 270 1
268 271 1
268 74 1
268 76 1
268 78 1
575 27 1
575 578 1
575 579 1
575 109 1
575 115 1
575 581 1
585 28 1
585 591 1
585 37 1
585 595 1
585 596 1
585 600 1
263 260 1
263 261 1
263 262 1
263 264 1
263 130 1
263 139 1
263 265 1
263 43 1
263 266 1
263 54 1
263 56 1
263 58 1
445 151 2
445 442 1
445 169 2
299 297 1
299 298 1
299 130 1
299 139 1
299 300 1
299 43 1
299 301 1
299 54 1
299 58 1
627 628 1
627 69 1
627 70 1
627 629 1
627 72 1
627 74 1
627 75 1
627 76 1
627 78 1
29 6 1
29 23 1
29 40 1
29 10 1
630 130 1
630 139 1
630 43 1
630 54 1
630 58 1
562 561 1
562 28 1
562 563 1
562 56 1
417 415 1
417 416 1
417 10 1
417 56 1
628 627 1
628 69 3
628 70 1
628 629 1
628 72 1
628 631 1
628 74 3
628 632 1
628 75 1
628 76 3
628 633 1
628 78 3
586 28 1
586 93 1
586 281 1
586 373 1
69 67 1
69 267 2
69 408 1
69 420 1
69 68 1
69 531 1
69 537 1
69 624 1
69 268 1
69 627 1
69 628 3
69 70 3
69 176 2
69 629 2
69 634 1
69 269 1
69 71 1
69 635 1
69 636 1
69 270 1
69 637 1
69 72 3
69 532 1
69 73 1
69 271 1
69 625 1
69 638 1
69 639 1
69 533 1
69 409 1
69 640 2
69 641 1
69 631 1
69 642 1
69 74 21
69 632 1
69 75 4
69 643 1
69 626 2
69 56 3
69 76 21
69 534 1
69 77 2
69 633 2
69 78 21
69 410 1
446 151 1
446 3 1
446 460 1
644 645 1
644 258 1
644 646 1
644 169 1
647 18 1
576 27 1
576 109 1
576 580 1
576 115 1
156 147 1
156 246 1
156 247 1
156 151 3
156 154 2
156 3 3
156 160 2
156 545 1
156 219 2
156 91 1
156 250 1
156 167 2
156 546 1
156 59 2
156 466 1
138 136 1
138 137 1
138 139 1
138 140 1
138 39 1
138 141 1
138 54 1
138 58 1
587 28 1
587 93 1
587 281 1
336 327 1
336 160 1
336 339 1
336 167 1
588 28 1
588 584 1
588 93 1
588 597 1
588 49 1
126 119 1
126 120 1
126 121 1
126 122 1
126 127 1
126 129 1
126 130 1
126 131 1
126 58 1
447 151 1
447 153 1
447 452 1
447 169 1
366 21 1
366 490 1
366 191 1
366 25 1
366 27 1
366 47 1
366 52 1
366 109 1
366 115 1
509 507 1
509 25 2
509 118 2
509 472 2
509 518 1
509 510 2
509 176 2
509 16 1
509 511 1
509 177 2
509 178 2
509 180 1
509 512 2
509 17 2
509 51 2
509 513 2
509 181 2
509 18 2
509 514 1
509 182 2
381 380 1
381 47 1
381 52 1
381 382 1
589 28 1
589 483 1
589 37 1
589 611 1
8 5 1
8 6 1
8 7 1
8 9 1
8 10 1
70 67 1
70 68 1
70 627 1
70 628 1
70 69 3
70 629 1
70 71 1
70 636 1
70 72 3
70 73 1
70 74 3
70 75 3
70 56 1
70 76 3
70 77 1
70 78 3
448 151 1
448 3 1
448 219 1
448 56 1
448 169 1
565 399 1
565 338 1
565 178 1
565 18 1
199 1 1
199 185 1
199 3 1
199 14 1
200 1 1
200 186 1
200 151 1
200 3 1
200 228 1
200 229 1
200 169 1
518 25 1
518 118 1
518 472 1
518 509 1
518 510 1
518 176 1
518 16 3
518 648 2
518 177 1
518 178 1
518 180 3
518 512 1
518 82 2
518 17 4
518 51 1
518 513 1
518 649 1
518 181 1
518 18 2
518 650 1
518 182 1
590 28 1
590 594 1
590 51 1
264 260 1
264 261 1
264 262 1
264 263 1
264 130 1
264 139 1
264 265 1
264 43 1
264 266 1
264 54 1
264 56 1
264 58 1
157 147 2
157 150 1
157 494 1
157 248 1
157 25 1
157 573 1
157 28 7
157 139 2
157 495 1
157 592 1
157 51 7
157 166 1
157 574 1
157 519 1
157 496 1
157 615 1
201 1 1
201 190 1
201 3 1
201 213 1
201 215 1
201 14 1
202 1 1
202 3 1
202 214 1
348 183 2
348 344 1
348 155 1
348 258 2
348 352 1
348 56 2
348 169 2
175 172 1
175 173 1
175 174 1
175 179 1
175 18 1
175 182 1
30 6 1
30 34 1
30 10 1
203 1 1
203 3 1
203 14 1
591 28 1
591 585 1
591 37 1
591 595 1
591 596 1
591 600 1
127 119 1
127 120 1
127 121 1
127 122 1
127 126 1
127 129 1
127 130 1
127 131 1
127 58 1
569 568 1
569 28 1
569 570 1
569 51 1
525 118 1
525 18 1
98 94 1
98 97 1
98 27 1
98 102 1
98 45 1
98 109 1
204 1 1
204 3 1
204 205 1
204 14 1
204 232 1
651 258 1
651 91 1
651 169 1
253 251 1
253 252 16
253 309 1
253 21 1
253 310 1
253 311 1
253 191 1
253 312 1
253 155 16
253 313 1
253 314 1
253 315 1
253 316 1
253 317 1
253 318 1
253 319 1
253 320 1
253 321 1
253 322 1
253 323 1
253 53 10
253 324 1
253 325 1
253 254 6
253 326 1
31 6 1
31 19 1
31 21 1
31 25 1
31 48 1
31 10 1
510 507 1
510 25 2
510 118 2
510 472 2
510 509 2
510 518 1
510 176 2
510 16 1
510 511 1
510 177 2
510 178 2
510 180 1
510 512 2
510 17 2
510 51 2
510 513 2
510 181 2
510 18 2
510 514 1
510 182 2
128 119 1
128 120 1
128 123 1
128 124 1
128 125 1
128 129 1
128 51 1
128 58 1
129 119 2
129 120 3
129 121 1
129 122 1
129 123 1
129 183 1
129 124 1
129 125 1
129 126 1
129 127 1
129 128 1
129 130 1
129 184 1
129 131 1
129 51 1
129 56 1
129 58 2
129 169 1
577 27 1
577 109 1
577 115 1
205 1 1
205 3 1
205 204 1
205 14 1
205 232 1
359 358 1
359 334 1
359 155 1
359 360 1
359 361 1
359 362 1
359 363 1
359 322 1
359 364 1
9 5 1
9 6 1
9 7 1
9 8 1
9 10 1
482 481 1
482 484 1
482 51 1
482 54 1
482 58 1
158 147 1
158 152 1
158 159 1
158 160 1
158 139 1
158 167 1
158 168 1
158 170 1
378 377 2
378 162 1
378 379 1
378 169 1
176 172 1
176 302 1
176 375 1
176 470 2
176 507 1
176 303 1
176 517 1
176 25 2
176 118 3
176 3 1
176 560 2
176 472 4
176 620 1
176 624 1
176 69 2
176 509 2
176 518 1
176 510 2
176 629 1
176 16 3
176 511 1
176 473 1
176 177 3
176 304 2
176 178 6
176 180 4
176 512 2
176 82 5
176 85 1
176 625 1
176 165 1
176 640 1
176 17 8
176 74 2
176 51 3
176 513 2
176 181 3
176 18 7
176 514 1
176 626 1
176 56 4
176 76 2
176 474 2
176 235 1
176 182 3
176 78 2
629 627 1
629 628 1
629 69 2
629 70 1
629 176 1
629 72 1
629 640 1
629 74 2
629 75 1
629 76 2
629 78 2
159 147 1
159 152 1
159 158 1
159 160 1
159 139 1
159 167 1
159 168 1
159 170 1
16 15 1
16 172 1
16 302 1
16 397 1
16 398 2
16 469 1
16 497 1
16 507 1
16 303 1
16 508 1
16 25 1
16 118 3
16 3 1
16 399 2
16 472 1
16 509 1
16 518 3
16 510 1
16 176 3
16 504 2
16 648 2
16 500 1
16 511 1
16 177 2
16 304 1
16 178 2
16 400 1
16 180 11
16 512 1
16 285 1
16 82 6
16 85 1
16 652 1
16 505 2
16 165 1
16 653 1
16 502 1
16 17 14
16 51 2
16 513 1
16 649 1
16 181 2
16 18 9
16 514 1
16 56 1
16 650 1
16 182 2
16 498 2
503 344 1
503 504 1
503 500 1
503 180 1
503 505 1
503 502 1
503 17 1
503 18 1
654 655 1
654 656 1
654 18 1
657 130 1
657 658 1
657 58 1
504 344 1
504 508 1
504 118 1
504 16 2
504 503 1
504 500 2
504 180 3
504 505 3
504 502 2
504 17 3
504 18 3
504 498 1
634 69 1
634 637 1
634 74 1
634 76 1
634 78 1
160 147 2
160 327 5
160 329 1
160 422 1
160 490 1
160 152 1
160 499 1
160 333 1
160 248 1
160 515 1
160 154 2
160 547 1
160 491 1
160 156 2
160 336 1
160 158 1
160 159 1
160 659 1
160 660 1
160 139 1
160 492 1
160 661 1
160 548 1
160 338 1
160 662 1
160 663 1
160 664 1
160 545 1
160 47 1
160 493 1
160 339 5
160 665 1
160 666 1
160 667 1
160 668 1
160 167 20
160 423 1
160 52 1
160 669 1
160 424 1
160 341 1
160 670 1
160 546 1
160 671 1
160 168 1
160 672 1
160 59 7
160 673 1
160 674 1
160 343 1
160 170 8
675 130 1
675 676 1
675 677 1
675 56 1
675 58 1
578 27 1
578 575 1
578 579 1
578 109 1
578 115 1
578 581 1
337 327 1
337 328 1
337 191 1
337 339 1
337 167 1
477 475 1
477 476 1
477 180 1
477 17 1
477 18 1
367 21 1
659 160 1
659 660 1
659 167 1
659 670 1
659 673 1
659 170 1
206 1 1
206 3 1
206 196 1
206 14 1
479 478 1
479 118 1
479 178 1
479 18 1
554 3 1
554 558 1
554 559 1
660 160 1
660 659 1
660 167 1
660 670 1
660 673 1
660 170 1
293 291 1
293 292 1
293 294 1
293 18 1
130 119 1
130 120 1
130 121 1
130 122 1
130 260 1
130 286 1
130 287 1
130 297 1
130 261 2
130 411 1
130 262 1
130 298 1
130 516 1
130 520 1
130 535 1
130 288 1
130 155 1
130 263 1
130 299 1
130 630 1
130 126 1
130 264 1
130 127 1
130 129 1
130 657 1
130 675 1
130 139 8
130 676 1
130 536 1
130 265 1
130 678 1
130 300 1
130 658 1
130 43 7
130 679 1
130 285 1
130 289 1
130 384 1
130 412 1
130 131 1
130 413 1
130 266 1
130 677 1
130 167 1
130 301 1
130 680 1
130 54 9
130 56 8
130 58 15
130 414 1
130 681 1
130 290 1
648 518 2
648 16 2
648 180 2
648 82 2
648 17 2
648 650 1
349 183 1
349 258 1
349 169 1
139 136 1
139 147 2
139 260 1
139 286 1
139 287 1
139 297 1
139 150 1
139 386 1
139 390 1
139 261 2
139 387 1
139 411 1
139 391 1
139 262 1
139 298 1
139 388 1
139 152 1
139 288 1
139 549 1
139 137 1
139 392 1
139 155 1
139 28 3
139 263 1
139 299 1
139 630 1
139 138 1
139 264 1
139 157 2
139 158 1
139 159 1
139 160 1
139 130 8
139 550 1
139 140 1
139 265 1
139 592 1
139 678 1
139 39 2
139 551 1
139 300 1
139 43 9
139 679 1
139 285 1
139 289 1
139 384 1
139 412 1
139 141 1
139 413 1
139 389 1
139 266 1
139 51 4
139 167 2
139 301 1
139 680 1
139 54 12
139 552 1
139 56 5
139 58 12
139 414 1
139 681 1
139 168 1
139 290 1
139 393 1
139 170 1
676 675 1
676 130 1
676 677 1
676 56 1
676 58 1
500 248 1
500 501 1
500 344 1
500 16 1
500 503 1
500 504 2
500 180 2
500 505 2
500 502 3
500 17 2
500 18 2
269 267 1
269 268 1
269 69 1
269 270 1
269 271 1
269 74 1
269 76 1
269 78 1
207 1 1
207 187 1
207 3 1
207 218 1
207 14 1
207 227 1
360 358 1
360 334 1
360 155 1
360 359 1
360 361 1
360 362 1
360 363 1
360 322 1
360 364 1
32 6 1
32 38 1
32 10 1
449 151 1
449 191 1
449 153 1
449 443 1
449 259 1
449 56 1
449 169 1
208 1 1
208 3 1
208 91 1
208 14 1
208 235 1
550 549 1
550 28 1
550 139 1
550 551 1
550 43 1
550 51 1
550 54 1
550 552 1
550 58 1
33 6 1
33 27 1
33 28 1
33 37 1
33 39 1
33 41 1
33 43 1
33 45 1
33 47 1
33 49 1
33 51 1
33 10 1
33 52 1
33 53 1
33 54 1
33 57 1
33 58 1
33 59 1
483 481 1
483 571 1
483 28 5
483 589 1
483 37 5
483 572 1
483 602 1
483 606 1
483 485 1
483 611 1
483 612 1
483 613 1
483 486 1
93 92 1
93 94 3
93 278 1
93 148 1
93 406 1
93 431 1
93 432 1
93 433 1
93 191 1
93 25 1
93 279 1
93 540 1
93 416 1
93 28 14
93 584 1
93 586 1
93 587 1
93 588 1
93 100 1
93 541 1
93 280 1
93 103 1
93 597 1
93 506 1
93 601 1
93 407 1
93 603 1
93 281 5
93 49 10
93 106 1
93 434 1
93 607 1
93 610 1
93 282 1
93 113 1
93 542 1
93 614 1
93 373 2
93 616 1
161 147 1
161 149 1
161 27 1
161 155 1
161 28 1
161 511 1
161 682 1
161 163 1
161 180 1
161 165 1
161 49 1
161 17 1
161 51 2
161 167 1
161 53 1
161 109 1
161 18 1
161 56 1
161 58 1
161 115 1
511 507 1
511 25 1
511 118 1
511 472 1
511 509 1
511 510 1
511 176 1
511 16 1
511 161 1
511 682 1
511 177 1
511 178 1
511 180 2
511 512 1
511 17 2
511 51 2
511 513 1
511 181 1
511 18 2
511 514 1
511 182 1
492 490 1
492 248 1
492 491 1
492 160 1
492 493 1
492 167 1
492 59 1
209 1 1
209 3 1
209 210 1
209 14 1
210 1 1
210 3 1
210 209 1
210 14 1
314 252 1
314 155 1
314 253 1
314 53 1
239 238 1
239 28 1
239 240 1
239 37 1
239 241 1
239 242 1
536 535 1
536 130 1
536 58 1
99 94 1
99 27 3
99 104 1
99 45 1
99 47 2
99 107 1
99 52 1
99 108 1
99 109 2
99 56 2
99 115 3
34 6 1
34 30 1
34 10 1
35 6 1
35 41 1
35 50 1
35 10 1
450 151 1
450 453 1
450 455 1
450 169 1
661 160 1
661 662 1
661 663 1
661 668 1
661 167 1
661 170 1
71 67 1
71 68 1
71 69 1
71 70 1
71 72 1
71 73 1
71 74 1
71 75 1
71 56 1
71 76 1
71 77 1
71 78 1
368 21 1
368 365 1
368 401 1
368 155 2
368 369 1
368 402 1
368 370 1
368 322 2
368 371 1
368 254 1
162 147 1
162 1 1
162 377 3
162 187 1
162 151 4
162 439 1
162 153 1
162 25 1
162 3 2
162 395 1
162 378 1
162 276 1
162 379 3
162 14 1
162 225 1
162 18 1
162 463 1
162 56 2
162 464 1
162 169 4
162 466 1
162 468 1
162 171 1
13 11 1
13 1 1
13 3 1
13 12 1
13 14 1
308 306 1
308 307 1
308 41 1
308 10 1
140 136 1
140 137 1
140 138 1
140 139 1
140 39 1
140 141 1
140 54 1
140 58 1
265 260 1
265 261 1
265 262 1
265 263 1
265 264 1
265 130 1
265 139 1
265 43 1
265 266 1
265 54 1
265 56 1
265 58 1
495 494 1
495 248 1
495 28 1
495 157 1
495 51 1
495 496 1
273 272 1
273 151 1
273 276 1
273 165 1
273 169 1
100 94 1
100 28 1
100 93 1
100 49 1
100 113 1
36 6 1
36 22 1
36 42 1
36 10 1
36 56 1
240 238 1
240 28 1
240 239 1
240 37 1
240 241 1
240 242 1
526 118 1
526 85 1
526 18 1
211 1 1
211 193 1
211 3 1
211 219 1
211 91 1
211 14 1
592 28 1
592 157 1
592 139 1
592 51 1
212 1 1
212 3 1
212 234 1
635 69 1
635 642 1
635 74 1
635 76 1
635 78 1
426 425 1
426 41 1
426 10 1
593 28 1
593 604 1
593 281 1
593 609 1
678 130 1
678 139 1
678 43 1
678 679 1
678 680 1
678 54 1
678 56 1
678 58 1
548 547 1
548 160 1
548 167 1
548 170 1
594 28 1
594 590 1
594 51 1
682 161 1
682 511 1
682 180 1
682 17 1
682 51 1
682 18 1
274 272 1
274 151 1
274 169 1
37 6 1
37 238 1
37 481 1
37 571 1
37 27 1
37 28 10
37 585 1
37 589 1
37 591 1
37 33 1
37 483 5
37 239 1
37 240 1
37 595 1
37 241 1
37 39 1
37 596 1
37 572 1
37 41 1
37 43 1
37 600 1
37 45 1
37 602 1
37 47 1
37 49 1
37 605 1
37 51 1
37 606 1
37 10 1
37 52 1
37 485 1
37 53 1
37 242 1
37 54 1
37 611 1
37 612 1
37 57 1
37 613 1
37 58 1
37 486 1
37 59 1
37 617 1
473 470 2
473 471 1
473 472 3
473 176 1
473 178 3
473 618 1
473 18 3
473 56 1
473 474 3
595 28 1
595 585 1
595 591 1
595 37 1
595 596 1
595 600 1
38 6 1
38 32 1
38 10 1
213 1 1
213 190 1
213 3 1
213 201 1
213 215 1
213 14 1
484 481 1
484 482 1
484 51 1
484 54 1
484 58 1
241 238 1
241 28 1
241 239 1
241 240 1
241 37 1
241 242 1
214 1 1
214 3 1
214 202 1
39 6 1
39 136 1
39 283 1
39 386 1
39 387 1
39 284 1
39 388 1
39 137 1
39 27 1
39 28 1
39 138 1
39 139 2
39 33 1
39 140 1
39 37 1
39 41 1
39 43 1
39 683 1
39 285 1
39 45 1
39 47 1
39 141 1
39 389 1
39 49 1
39 51 1
39 10 1
39 52 1
39 53 1
39 54 5
39 57 1
39 58 5
39 59 1
294 291 1
294 292 1
294 293 1
294 18 1
163 147 1
163 149 1
163 27 1
163 155 1
163 28 1
163 161 1
163 165 1
163 49 1
163 51 1
163 167 1
163 53 1
163 109 1
163 56 1
163 58 1
163 115 1
645 644 1
645 258 1
645 646 1
645 169 1
177 172 1
177 507 1
177 25 2
177 118 3
177 3 1
177 472 2
177 509 2
177 518 1
177 510 2
177 176 3
177 16 2
177 511 1
177 178 3
177 180 2
177 512 2
177 85 1
177 165 1
177 17 3
177 51 3
177 513 2
177 181 3
177 18 3
177 514 1
177 56 1
177 182 3
551 549 1
551 28 1
551 139 1
551 550 1
551 43 1
551 51 1
551 54 1
551 552 1
551 58 1
304 302 1
304 303 1
304 517 1
304 176 2
304 16 1
304 180 1
304 82 2
304 17 2
304 18 1
315 252 1
315 155 1
315 253 1
315 317 1
315 320 1
315 53 1
582 155 1
582 583 1
582 322 1
582 254 1
527 118 2
527 178 2
527 528 2
527 529 2
527 181 2
527 18 2
527 182 2
338 327 1
338 399 1
338 565 1
338 160 1
338 178 1
338 339 1
338 167 1
338 18 1
215 1 1
215 190 1
215 3 1
215 201 1
215 213 1
215 14 1
101 94 1
101 95 1
101 27 1
101 45 1
101 109 1
596 28 1
596 585 1
596 591 1
596 37 1
596 595 1
596 600 1
40 6 1
40 23 1
40 29 1
40 10 1
579 27 1
579 575 1
579 578 1
579 109 1
579 115 1
579 581 1
570 568 1
570 28 1
570 569 1
570 51 1
541 540 1
541 28 1
541 93 1
541 49 1
541 542 1
636 69 1
636 70 1
636 72 1
636 74 1
636 75 1
636 76 1
636 78 1
102 94 1
102 421 1
102 97 1
102 27 2
102 98 1
102 45 2
102 109 2
316 252 1
316 155 1
316 253 1
316 53 1
316 324 1
300 297 1
300 298 1
300 299 1
300 130 1
300 139 1
300 43 1
300 301 1
300 54 1
300 58 1
280 278 1
280 148 1
280 279 1
280 28 1
280 93 1
280 281 1
280 282 1
658 657 1
658 130 1
658 58 1
103 94 1
103 28 1
103 93 1
103 49 1
178 172 1
178 305 1
178 394 1
178 470 3
178 478 1
178 487 1
178 507 2
178 508 1
178 25 2
178 118 6
178 3 1
178 395 1
178 399 1
178 471 1
178 472 7
178 620 1
178 509 2
178 565 1
178 518 1
178 510 2
178 176 6
178 16 2
178 479 1
178 511 1
178 473 3
178 177 3
178 527 2
178 338 1
178 180 2
178 512 2
178 85 1
178 165 1
178 618 1
178 17 3
178 528 2
178 51 3
178 529 2
178 513 2
178 181 5
178 18 18
178 514 1
178 56 4
178 474 4
178 619 1
178 235 1
178 182 5
178 396 1
270 267 1
270 268 1
270 69 1
270 269 1
270 271 1
270 74 1
270 76 1
270 78 1
662 160 1
662 661 1
662 663 1
662 668 1
662 167 1
662 170 1
663 160 1
663 661 1
663 662 1
663 668 1
663 167 1
663 170 1
400 397 1
400 398 1
400 399 1
400 16 1
400 180 1
400 17 1
400 18 1
664 160 1
664 167 1
664 170 1
369 21 1
369 365 1
369 155 1
369 368 1
369 370 1
369 322 1
369 371 1
164 147 1
164 148 1
164 27 1
164 45 1
164 109 1
164 115 1
179 172 1
179 173 1
179 174 1
179 175 1
179 18 1
179 182 1
317 252 1
317 155 1
317 253 1
317 315 1
317 320 1
317 53 1
572 571 1
572 28 1
572 483 1
572 37 1
684 685 1
684 686 1
318 252 1
318 21 1
318 155 1
318 253 1
318 322 1
318 254 1
597 28 1
597 584 1
597 588 1
597 93 1
597 49 1
598 28 1
598 599 1
598 51 1
41 6 2
41 306 1
41 425 1
41 27 1
41 28 1
41 307 1
41 33 1
41 35 1
41 308 1
41 426 1
41 37 1
41 39 1
41 43 1
41 45 1
41 47 1
41 49 1
41 50 1
41 51 1
41 10 5
41 52 2
41 53 1
41 54 1
41 57 2
41 58 1
41 59 1
655 654 1
655 656 1
655 18 1
296 295 1
296 47 1
296 52 1
80 79 1
80 82 1
80 17 1
180 172 1
180 302 1
180 375 1
180 397 1
180 398 1
180 469 1
180 475 1
180 476 1
180 497 1
180 344 1
180 507 1
180 303 1
180 508 1
180 25 1
180 118 3
180 3 1
180 399 1
180 472 1
180 509 1
180 518 3
180 510 1
180 176 4
180 16 11
180 503 1
180 504 3
180 477 1
180 648 2
180 500 2
180 161 1
180 511 2
180 682 1
180 177 2
180 304 1
180 178 2
180 400 1
180 512 1
180 285 1
180 82 5
180 85 1
180 505 3
180 165 1
180 502 2
180 17 15
180 51 3
180 513 1
180 649 1
180 181 2
180 18 11
180 514 1
180 56 1
180 650 1
180 182 2
180 498 2
42 6 1
42 22 1
42 36 1
42 10 1
42 56 1
687 18 1
81 79 1
81 82 1
81 17 1
81 83 1
43 6 1
43 260 1
43 286 1
43 287 1
43 297 1
43 390 1
43 261 2
43 391 1
43 262 1
43 298 1
43 288 1
43 549 1
43 27 1
43 392 1
43 28 2
43 263 1
43 299 1
43 630 1
43 264 1
43 130 7
43 139 9
43 550 1
43 33 1
43 265 1
43 678 1
43 37 1
43 39 1
43 551 1
43 300 1
43 41 1
43 679 1
43 285 1
43 45 1
43 289 1
43 47 1
43 266 1
43 49 1
43 51 3
43 10 1
43 52 1
43 301 1
43 680 1
43 53 1
43 54 10
43 552 1
43 56 5
43 57 1
43 58 10
43 681 1
43 290 1
43 59 1
43 393 1
63 61 1
63 62 1
63 64 1
63 65 1
63 66 1
679 130 1
679 139 1
679 678 1
679 43 1
679 680 1
679 54 1
679 56 1
679 58 1
216 1 1
216 3 1
216 14 1
217 1 1
217 3 1
217 196 1
217 198 1
217 14 1
275 272 1
275 151 1
275 169 1
451 151 1
451 3 1
451 219 1
451 467 1
350 183 2
350 355 1
350 258 3
350 356 1
350 56 2
350 169 3
350 357 1
523 334 1
523 155 1
523 322 1
637 69 1
637 634 1
637 74 1
637 76 1
637 78 1
599 28 1
599 598 1
599 51 1
44 6 1
44 20 1
44 10 1
44 54 1
44 55 1
44 60 1
104 94 1
104 27 1
104 99 1
104 45 1
104 47 1
104 107 1
104 52 1
104 108 1
104 109 1
104 115 1
683 39 1
683 54 1
683 58 1
319 252 1
319 155 1
319 253 1
319 254 1
506 191 1
506 25 1
506 28 1
506 93 1
506 49 1
249 246 1
249 247 1
249 151 1
249 248 1
249 3 1
600 28 1
600 585 1
600 591 1
600 37 1
600 595 1
600 596 1
512 507 1
512 25 2
512 118 2
512 472 2
512 509 2
512 518 1
512 510 2
512 176 2
512 16 1
512 511 1
512 177 2
512 178 2
512 180 1
512 17 2
512 51 2
512 513 2
512 181 2
512 18 2
512 514 1
512 182 2
134 132 1
134 133 1
134 3 1
134 135 1
72 67 1
72 68 1
72 627 1
72 628 1
72 69 3
72 70 3
72 629 1
72 71 1
72 636 1
72 73 1
72 74 3
72 75 3
72 56 1
72 76 3
72 77 1
72 78 3
320 252 1
320 155 1
320 253 1
320 315 1
320 317 1
320 53 1
258 257 1
258 183 11
258 355 1
258 151 1
258 332 1
258 344 1
258 345 1
258 346 1
258 155 2
258 347 1
258 644 1
258 348 2
258 651 1
258 349 1
258 645 1
258 350 3
258 356 1
258 351 1
258 91 1
258 259 1
258 352 1
258 646 1
258 353 1
258 56 7
258 76 1
258 169 14
258 357 1
258 354 1
356 355 1
356 350 1
356 258 1
356 56 1
356 169 1
356 357 1
622 621 1
622 52 1
622 109 1
622 623 1
218 1 1
218 187 1
218 3 1
218 207 1
218 14 1
218 227 1
321 252 1
321 155 1
321 253 1
321 254 1
285 283 1
285 284 1
285 469 1
285 16 1
285 130 1
285 139 1
285 39 1
285 180 1
285 43 1
285 82 1
285 17 1
285 54 2
285 56 1
285 58 2
285 681 1
184 120 1
184 183 1
184 129 1
184 56 1
184 169 1
532 531 1
532 69 1
532 533 1
532 74 1
532 76 1
532 534 1
532 78 1
601 28 1
601 93 1
601 49 1
601 607 1
82 79 2
82 302 1
82 375 1
82 398 1
82 418 1
82 469 1
82 303 1
82 517 1
82 560 2
82 399 1
82 419 1
82 518 2
82 176 5
82 16 6
82 648 2
82 304 2
82 80 1
82 180 5
82 81 1
82 285 1
82 652 1
82 653 1
82 17 13
82 18 1
82 83 1
82 650 1
351 183 1
351 345 1
351 258 1
351 56 1
351 169 1
73 67 1
73 68 1
73 69 1
73 70 1
73 71 1
73 72 1
73 74 1
73 75 1
73 56 1
73 76 1
73 77 1
73 78 1
45 6 1
45 94 10
45 147 1
45 95 1
45 148 2
45 149 1
45 421 1
45 96 1
45 97 1
45 372 1
45 27 14
45 28 3
45 98 1
45 33 1
45 99 1
45 37 1
45 39 1
45 101 1
45 102 2
45 164 1
45 41 1
45 43 1
45 104 1
45 384 1
45 47 2
45 105 1
45 49 1
45 51 1
45 10 1
45 107 1
45 52 2
45 108 1
45 53 1
45 109 13
45 110 1
45 111 1
45 54 1
45 56 4
45 57 1
45 112 1
45 58 1
45 114 1
45 59 1
45 115 3
402 401 1
402 155 1
402 368 1
402 322 1
402 254 1
407 406 1
407 28 1
407 93 1
407 281 1
407 373 1
276 272 1
276 151 2
276 25 1
276 416 1
276 162 1
276 273 1
276 165 1
276 56 1
276 169 3
276 466 1
289 287 1
289 288 1
289 130 1
289 139 1
289 43 1
289 54 1
289 56 1
289 58 1
289 290 1
384 149 1
384 411 1
384 27 1
384 155 1
384 130 1
384 139 1
384 45 1
384 412 1
384 413 1
384 167 1
384 109 1
384 54 1
384 58 1
384 414 1
685 684 1
685 686 2
146 144 1
146 145 1
146 3 1
555 3 1
555 557 1
85 84 1
85 172 1
85 118 2
85 3 1
85 176 1
85 16 1
85 526 1
85 177 1
85 178 1
85 180 1
85 165 1
85 17 1
85 51 1
85 181 1
85 18 3
85 86 1
85 56 1
85 182 1
602 28 1
602 483 1
602 37 1
602 606 1
361 358 1
361 334 1
361 155 1
361 359 1
361 360 1
361 362 1
361 363 1
361 322 1
361 364 1
545 154 1
545 156 1
545 160 1
545 167 1
545 546 1
545 59 1
412 411 1
412 155 1
412 130 1
412 139 1
412 384 1
412 413 1
412 167 1
412 54 1
412 58 1
412 414 1
603 28 1
603 93 1
603 49 1
603 614 1
219 1 1
219 151 4
219 193 1
219 3 5
219 156 2
219 448 1
219 211 1
219 451 1
219 91 2
219 14 1
219 56 1
219 169 1
219 466 1
219 467 1
220 1 1
220 3 1
220 14 1
46 6 1
46 24 1
46 26 1
46 10 1
131 119 1
131 120 1
131 121 1
131 122 1
131 126 1
131 127 1
131 129 1
131 130 1
131 58 1
271 267 1
271 268 1
271 69 1
271 269 1
271 270 1
271 74 1
271 76 1
271 78 1
47 6 1
47 94 1
47 295 1
47 380 1
47 422 1
47 427 1
47 490 1
47 25 1
47 27 3
47 28 1
47 366 1
47 381 1
47 160 1
47 33 1
47 99 2
47 37 1
47 39 1
47 41 1
47 296 1
47 43 1
47 104 1
47 45 2
47 428 1
47 49 1
47 51 1
47 10 1
47 107 1
47 423 1
47 429 1
47 52 9
47 424 1
47 108 1
47 53 1
47 109 1
47 382 1
47 54 1
47 56 2
47 57 2
47 58 1
47 59 1
47 115 2
452 151 1
452 153 1
452 447 1
452 169 1
652 16 1
652 82 1
652 653 1
652 17 1
505 344 1
505 508 1
505 118 1
505 16 2
505 503 1
505 504 3
505 500 2
505 180 3
505 502 2
505 17 3
505 18 3
505 498 1
493 490 1
493 248 1
493 491 1
493 160 1
493 492 1
493 167 1
493 59 1
141 136 1
141 137 1
141 138 1
141 139 1
141 140 1
141 39 1
141 54 1
141 58 1
379 377 3
379 151 2
379 439 1
379 3 1
379 395 1
379 378 1
379 162 3
379 18 1
379 463 1
379 464 1
379 169 2
379 466 1
379 468 1
362 358 1
362 334 1
362 155 1
362 359 1
362 360 1
362 361 1
362 363 1
362 322 1
362 364 1
625 624 1
625 69 1
625 176 1
625 74 1
625 626 1
625 76 1
625 78 1
339 327 9
339 328 1
339 329 1
339 330 1
339 331 1
339 332 1
339 333 1
339 191 1
339 334 1
339 335 1
339 155 3
339 336 1
339 160 5
339 337 1
339 338 1
339 340 1
339 167 7
339 341 1
339 342 1
339 343 1
638 69 1
638 74 1
638 643 1
638 76 1
638 78 1
413 411 1
413 155 1
413 130 1
413 139 1
413 384 1
413 412 1
413 167 1
413 54 1
413 58 1
413 414 1
221 1 1
221 3 1
221 14 1
453 151 1
453 450 1
453 455 1
453 169 1
639 69 1
639 74 1
639 76 1
639 78 1
665 160 1
665 666 1
665 167 1
665 671 1
665 170 1
533 531 1
533 69 1
533 532 1
533 74 1
533 76 1
533 534 1
533 78 1
428 427 1
428 47 1
428 429 1
428 52 1
48 6 1
48 19 1
48 21 1
48 25 1
48 31 1
48 10 1
666 160 1
666 665 1
666 167 1
666 671 1
666 170 1
556 3 1
556 91 1
409 408 1
409 69 1
409 74 1
409 75 1
409 76 1
409 77 1
409 78 1
409 410 1
667 160 1
667 167 1
667 59 1
604 28 1
604 593 1
604 281 1
604 609 1
668 160 1
668 661 1
668 662 1
668 663 1
668 167 1
668 170 1
165 147 1
165 172 1
165 272 1
165 149 1
165 151 1
165 118 1
165 3 1
165 27 1
165 155 1
165 28 1
165 176 1
165 16 1
165 161 1
165 273 1
165 163 1
165 177 1
165 178 1
165 180 1
165 276 1
165 85 1
165 49 1
165 17 1
165 51 2
165 167 1
165 53 1
165 181 1
165 109 1
165 18 1
165 56 2
165 58 1
165 169 1
165 115 1
165 182 1
653 16 1
653 82 1
653 652 1
653 17 1
640 69 2
640 176 1
640 629 1
640 74 2
640 76 2
640 78 2
389 386 1
389 387 1
389 388 1
389 139 1
389 39 1
389 54 1
389 58 1
641 69 1
641 74 1
641 76 1
641 78 1
143 142 1
143 1 1
143 3 1
143 14 1
631 628 1
631 69 1
631 74 1
631 632 1
631 76 1
631 78 1
618 472 1
618 473 1
618 178 1
618 18 1
618 474 1
105 94 1
105 27 1
105 45 1
105 109 1
105 110 1
105 111 1
222 1 2
222 188 2
222 3 2
222 91 2
222 14 2
222 226 2
502 501 1
502 344 1
502 16 1
502 503 1
502 504 2
502 500 3
502 180 2
502 505 2
502 17 2
502 18 2
277 272 1
277 376 1
277 151 2
277 153 1
277 56 1
277 169 2
583 155 1
583 582 1
583 322 1
583 254 1
91 87 1
91 1 11
91 88 1
91 188 2
91 89 2
91 90 2
91 151 1
91 2 1
91 189 1
91 118 2
91 193 3
91 3 13
91 197 1
91 156 1
91 651 1
91 208 1
91 211 1
91 258 1
91 219 2
91 556 1
91 222 2
91 14 8
91 223 1
91 226 3
91 4 1
91 18 2
91 230 1
91 231 1
91 688 1
91 233 1
91 169 1
91 530 2
91 234 1
91 466 1
91 235 3
91 237 2
454 151 1
454 459 1
454 169 1
266 260 1
266 261 1
266 262 1
266 263 1
266 264 1
266 130 1
266 139 1
266 265 1
266 43 1
266 54 1
266 56 1
266 58 1
281 278 1
281 148 1
281 406 1
281 279 1
281 28 6
281 586 1
281 587 1
281 93 5
281 593 1
281 280 1
281 407 1
281 604 1
281 609 1
281 610 1
281 282 1
281 373 2
281 616 1
49 6 1
49 92 1
49 94 3
49 147 1
49 149 1
49 431 1
49 432 1
49 433 1
49 191 1
49 25 1
49 538 1
49 540 1
49 416 1
49 27 2
49 155 1
49 28 12
49 584 1
49 588 1
49 33 1
49 93 10
49 161 1
49 100 1
49 37 1
49 39 1
49 163 1
49 541 1
49 103 1
49 597 1
49 41 1
49 43 1
49 506 1
49 601 1
49 45 1
49 603 1
49 47 1
49 165 1
49 106 1
49 51 2
49 539 1
49 167 1
49 10 1
49 52 1
49 434 1
49 607 1
49 53 2
49 109 1
49 54 1
49 56 1
49 57 1
49 58 2
49 113 1
49 542 1
49 59 1
49 115 1
49 614 1
689 52 1
106 94 1
106 28 1
106 93 1
106 49 1
14 11 1
14 87 1
14 142 2
14 1 28
14 185 1
14 88 1
14 187 2
14 188 2
14 89 2
14 90 2
14 151 1
14 2 1
14 189 1
14 190 1
14 192 1
14 193 3
14 194 1
14 3 28
14 196 2
14 197 1
14 12 1
14 198 1
14 199 1
14 201 1
14 203 1
14 204 1
14 205 1
14 206 1
14 207 1
14 208 1
14 209 1
14 210 1
14 162 1
14 13 1
14 211 1
14 213 1
14 215 1
14 216 1
14 217 1
14 218 1
14 219 1
14 220 1
14 221 1
14 143 1
14 222 2
14 91 8
14 224 1
14 225 1
14 226 3
14 227 1
14 4 1
14 230 1
14 231 1
14 232 1
14 234 1
14 235 1
14 237 2
223 1 1
223 3 1
223 91 1
642 69 1
642 635 1
642 74 1
642 76 1
642 78 1
17 15 1
17 79 2
17 172 1
17 243 1
17 302 1
17 375 1
17 397 1
17 398 2
17 418 1
17 430 1
17 469 1
17 475 1
17 480 1
17 476 1
17 497 1
17 344 1
17 507 1
17 303 1
17 508 1
17 517 1
17 25 2
17 118 5
17 3 1
17 560 2
17 399 2
17 472 2
17 419 1
17 509 2
17 518 4
17 510 2
17 176 8
17 16 14
17 503 1
17 504 3
17 477 1
17 648 2
17 500 2
17 161 1
17 511 2
17 682 1
17 177 3
17 304 2
17 178 3
17 400 1
17 80 1
17 180 15
17 81 1
17 512 2
17 285 1
17 82 13
17 85 1
17 652 1
17 505 3
17 165 1
17 653 1
17 502 2
17 51 4
17 513 2
17 649 1
17 181 4
17 18 20
17 514 1
17 686 2
17 83 1
17 244 1
17 56 1
17 690 1
17 650 1
17 245 1
17 182 4
17 498 2
250 246 1
250 247 1
250 151 1
250 3 1
250 156 1
656 654 1
656 655 1
656 18 1
528 118 2
528 527 2
528 178 2
528 529 2
528 181 2
528 18 2
528 182 2
259 257 1
259 183 1
259 151 2
259 191 1
259 153 1
259 155 1
259 443 1
259 449 1
259 258 1
259 56 1
259 76 1
259 169 2
605 28 1
605 37 1
74 67 1
74 267 2
74 408 1
74 420 1
74 68 1
74 531 1
74 537 1
74 624 1
74 268 1
74 627 1
74 628 3
74 69 21
74 70 3
74 176 2
74 629 2
74 634 1
74 269 1
74 71 1
74 635 1
74 636 1
74 270 1
74 637 1
74 72 3
74 532 1
74 73 1
74 271 1
74 625 1
74 638 1
74 639 1
74 533 1
74 409 1
74 640 2
74 641 1
74 631 1
74 642 1
74 632 1
74 75 4
74 643 1
74 626 2
74 56 3
74 76 21
74 534 1
74 77 2
74 633 2
74 78 21
74 410 1
50 6 1
50 35 1
50 41 1
50 10 1
455 151 1
455 450 1
455 453 1
455 169 1
256 255 1
256 28 1
256 51 1
340 327 1
340 330 1
340 335 1
340 155 1
340 339 1
456 151 1
456 444 1
456 169 1
457 151 1
457 153 1
457 440 1
457 169 1
691 76 2
370 21 1
370 365 1
370 155 1
370 368 1
370 369 1
370 322 1
370 371 1
51 6 1
51 119 1
51 147 3
51 172 1
51 120 1
51 255 1
51 123 1
51 149 1
51 150 1
51 390 1
51 391 1
51 481 1
51 494 1
51 248 1
51 191 1
51 507 1
51 25 3
51 118 3
51 124 1
51 549 1
51 553 1
51 3 1
51 125 1
51 568 1
51 573 1
51 27 2
51 392 1
51 155 1
51 28 16
51 472 2
51 509 2
51 518 1
51 590 1
51 157 7
51 569 1
51 510 2
51 128 1
51 129 1
51 482 1
51 176 3
51 16 2
51 139 4
51 550 1
51 33 1
51 161 2
51 511 2
51 495 1
51 592 1
51 594 1
51 682 1
51 37 1
51 484 1
51 39 1
51 163 1
51 177 3
51 551 1
51 570 1
51 178 3
51 598 1
51 41 1
51 180 3
51 43 3
51 599 1
51 512 2
51 45 1
51 85 1
51 47 1
51 165 2
51 49 2
51 17 4
51 256 1
51 166 1
51 167 1
51 10 1
51 52 1
51 574 1
51 513 2
51 53 2
51 608 1
51 181 3
51 109 1
51 18 4
51 514 1
51 54 4
51 552 1
51 56 2
51 57 1
51 58 7
51 519 1
51 59 1
51 115 1
51 496 1
51 393 1
51 182 3
51 615 1
224 1 1
224 3 1
224 14 1
539 538 1
539 28 1
539 49 1
166 147 1
166 28 1
166 157 1
166 51 1
677 675 1
677 130 1
677 676 1
677 56 1
677 58 1
458 151 2
458 438 1
458 344 1
458 153 2
458 443 2
458 461 1
458 56 2
458 169 2
167 147 3
167 327 7
167 149 1
167 328 1
167 329 1
167 411 1
167 331 1
167 490 1
167 152 1
167 499 1
167 332 1
167 333 1
167 248 1
167 191 1
167 515 1
167 154 2
167 547 1
167 491 1
167 27 1
167 155 3
167 28 1
167 156 2
167 336 1
167 158 1
167 159 1
167 160 20
167 337 1
167 659 1
167 660 1
167 130 1
167 139 2
167 161 1
167 492 1
167 661 1
167 548 1
167 163 1
167 338 1
167 662 1
167 663 1
167 664 1
167 384 1
167 545 1
167 412 1
167 493 1
167 339 7
167 413 1
167 665 1
167 666 1
167 667 1
167 668 1
167 165 1
167 49 1
167 51 1
167 669 1
167 53 1
167 109 1
167 54 1
167 341 1
167 56 1
167 670 1
167 58 2
167 546 1
167 414 1
167 671 1
167 168 1
167 672 1
167 59 7
167 115 1
167 673 1
167 674 1
167 343 1
167 170 8
606 28 1
606 483 1
606 37 1
606 602 1
352 183 1
352 348 1
352 258 1
352 169 1
363 358 1
363 334 1
363 155 1
363 359 1
363 360 1
363 361 1
363 362 1
363 322 1
363 364 1
10 5 1
10 6 10
10 19 1
10 20 1
10 306 1
10 21 1
10 415 1
10 22 1
10 425 1
10 23 1
10 24 1
10 25 1
10 26 1
10 416 1
10 7 1
10 27 1
10 28 1
10 307 1
10 29 1
10 417 1
10 8 1
10 30 1
10 31 1
10 9 1
10 32 1
10 33 1
10 34 1
10 35 1
10 308 1
10 36 1
10 426 1
10 37 1
10 38 1
10 39 1
10 40 1
10 41 5
10 42 1
10 43 1
10 44 1
10 45 1
10 46 1
10 47 1
10 48 1
10 49 1
10 50 1
10 51 1
10 52 2
10 53 1
10 54 2
10 55 1
10 56 2
10 57 2
10 58 1
10 59 1
10 60 1
64 61 1
64 62 1
64 63 1
64 65 1
64 66 1
225 1 1
225 187 1
225 3 1
225 162 1
225 14 1
107 94 1
107 27 1
107 99 1
107 104 1
107 45 1
107 47 1
107 52 1
107 108 1
107 109 1
107 115 1
459 151 1
459 454 1
459 169 1
646 644 1
646 645 1
646 258 1
646 169 1
423 422 1
423 160 1
423 47 1
423 52 1
423 424 1
429 427 1
429 47 1
429 428 1
429 52 1
226 1 3
226 188 2
226 89 1
226 90 1
226 193 1
226 3 3
226 222 2
226 91 3
226 14 3
226 230 1
226 237 1
52 6 1
52 94 1
52 295 1
52 380 1
52 427 1
52 488 1
52 490 1
52 25 1
52 489 1
52 27 2
52 28 1
52 621 1
52 366 1
52 381 1
52 33 1
52 99 1
52 37 1
52 39 1
52 41 2
52 296 1
52 43 1
52 104 1
52 622 1
52 45 2
52 47 8
52 428 1
52 49 1
52 689 1
52 51 1
52 692 5
52 10 2
52 107 1
52 429 1
52 108 1
52 53 1
52 109 2
52 382 1
52 54 1
52 56 1
52 57 3
52 58 1
52 623 1
52 59 1
52 115 1
434 431 1
434 432 1
434 433 1
434 416 1
434 93 1
434 49 1
460 151 1
460 3 1
460 446 1
461 151 1
461 438 1
461 153 1
461 443 1
461 458 1
461 56 1
461 169 1
669 160 1
669 167 1
669 170 1
607 28 1
607 93 1
607 601 1
607 49 1
632 628 1
632 69 1
632 631 1
632 74 1
632 76 1
632 78 1
227 1 1
227 187 1
227 3 1
227 207 1
227 218 1
227 14 1
424 422 1
424 160 1
424 47 1
424 423 1
424 52 1
557 3 1
557 555 1
75 67 1
75 408 1
75 68 1
75 627 1
75 628 1
75 69 4
75 70 3
75 629 1
75 71 1
75 636 1
75 72 3
75 73 1
75 409 1
75 74 4
75 56 1
75 76 4
75 77 2
75 78 4
75 410 1
4 0 1
4 1 2
4 2 2
4 189 1
4 3 2
4 91 1
4 14 1
563 561 1
563 28 1
563 562 1
563 56 1
462 151 1
462 438 1
462 153 1
462 169 1
529 118 2
529 527 2
529 178 2
529 528 2
529 181 2
529 18 2
529 182 2
322 252 1
322 358 1
322 21 2
322 365 1
322 401 1
322 403 1
322 405 1
322 334 5
322 522 1
322 155 10
322 404 1
322 253 1
322 359 1
322 360 1
322 368 2
322 582 1
322 369 1
322 318 1
322 523 1
322 402 1
322 361 1
322 362 1
322 583 1
322 370 1
322 363 1
322 364 1
322 371 2
322 254 4
301 297 1
301 298 1
301 299 1
301 130 1
301 139 1
301 300 1
301 43 1
301 54 1
301 58 1
437 435 1
437 436 1
437 18 1
485 481 1
485 28 1
485 483 1
485 37 1
485 486 1
108 94 1
108 27 1
108 99 1
108 104 1
108 45 1
108 47 1
108 107 1
108 52 1
108 109 1
108 115 1
558 3 1
558 554 1
558 559 1
680 130 1
680 139 1
680 678 1
680 43 1
680 679 1
680 54 1
680 56 1
680 58 1
574 573 1
574 28 1
574 157 1
574 51 1
643 69 1
643 638 1
643 74 1
643 76 1
643 78 1
323 252 1
323 155 1
323 253 1
323 53 1
513 507 1
513 25 2
513 118 2
513 472 2
513 509 2
513 518 1
513 510 2
513 176 2
513 16 1
513 511 1
513 177 2
513 178 2
513 180 1
513 512 2
513 17 2
513 51 2
513 181 2
513 18 2
513 514 1
513 182 2
228 1 1
228 186 1
228 151 1
228 3 1
228 200 1
228 229 1
228 169 1
53 6 1
53 147 1
53 252 10
53 149 1
53 310 1
53 311 1
53 191 1
53 27 2
53 155 11
53 313 1
53 28 2
53 253 10
53 33 1
53 161 1
53 314 1
53 37 1
53 39 1
53 163 1
53 315 1
53 316 1
53 317 1
53 41 1
53 43 1
53 320 1
53 45 1
53 47 1
53 165 1
53 49 2
53 51 2
53 167 1
53 10 1
53 52 1
53 323 1
53 109 1
53 324 1
53 54 1
53 56 1
53 57 1
53 58 2
53 325 1
53 59 1
53 115 1
53 326 1
353 183 1
353 258 1
353 169 1
608 28 1
608 51 1
649 518 1
649 16 1
649 180 1
649 17 1
649 18 1
181 172 1
181 480 1
181 507 1
181 25 2
181 118 7
181 3 1
181 524 1
181 472 2
181 509 2
181 518 1
181 510 2
181 176 3
181 16 2
181 511 1
181 177 3
181 527 2
181 178 5
181 180 2
181 512 2
181 85 1
181 165 1
181 17 4
181 528 2
181 51 3
181 529 2
181 513 2
181 18 7
181 514 1
181 56 1
181 182 6
65 61 1
65 62 1
65 63 1
65 64 1
65 66 1
242 238 1
242 28 1
242 239 1
242 240 1
242 37 1
242 241 1
229 1 1
229 186 1
229 151 1
229 3 1
229 200 1
229 228 1
229 169 1
109 94 9
109 147 2
109 95 1
109 21 1
109 148 3
109 149 2
109 421 1
109 96 1
109 191 1
109 25 1
109 97 1
109 372 1
109 27 20
109 155 1
109 28 2
109 621 1
109 575 1
109 576 1
109 366 1
109 98 1
109 577 1
109 578 1
109 161 1
109 99 2
109 163 1
109 101 1
109 579 1
109 102 2
109 164 1
109 104 1
109 622 1
109 45 13
109 384 1
109 47 1
109 165 1
109 105 1
109 49 1
109 51 1
109 167 1
109 107 1
109 52 2
109 108 1
109 53 1
109 110 1
109 111 1
109 56 5
109 112 1
109 58 1
109 580 1
109 623 1
109 114 1
109 115 10
109 373 1
109 581 1
109 374 1
324 252 1
324 155 1
324 253 1
324 316 1
324 53 1
382 380 1
382 381 1
382 47 1
382 52 1
364 358 1
364 334 1
364 155 1
364 359 1
364 360 1
364 361 1
364 362 1
364 363 1
364 322 1
18 15 1
18 84 1
18 116 1
18 172 2
18 243 1
18 117 1
18 173 1
18 291 1
18 302 1
18 305 1
18 394 1
18 397 1
18 398 1
18 292 1
18 430 1
18 435 1
18 151 1
18 470 3
18 475 1
18 478 1
18 480 1
18 476 1
18 174 1
18 487 1
18 497 1
18 344 1
18 507 2
18 303 1
18 439 1
18 508 2
18 25 2
18 118 14
18 543 1
18 3 2
18 395 2
18 524 1
18 436 2
18 399 2
18 566 2
18 27 1
18 471 1
18 472 7
18 620 1
18 647 1
18 509 2
18 565 1
18 518 2
18 175 1
18 525 1
18 510 2
18 176 7
18 16 9
18 503 1
18 654 1
18 504 3
18 477 1
18 479 1
18 293 1
18 500 2
18 161 1
18 511 2
18 162 1
18 526 1
18 682 1
18 473 3
18 294 1
18 177 3
18 304 1
18 527 2
18 338 1
18 178 18
18 400 1
18 179 1
18 655 1
18 180 11
18 687 1
18 512 2
18 82 1
18 85 3
18 505 3
18 379 1
18 165 1
18 618 1
18 502 2
18 91 2
18 17 20
18 656 1
18 528 2
18 51 4
18 529 2
18 437 1
18 513 2
18 649 1
18 181 7
18 514 1
18 686 2
18 463 1
18 86 1
18 244 1
18 56 4
18 464 1
18 690 1
18 567 2
18 564 1
18 474 4
18 619 1
18 544 1
18 530 2
18 245 1
18 466 1
18 235 1
18 182 7
18 396 1
18 498 2
18 468 1
514 507 1
514 25 1
514 118 1
514 472 1
514 509 1
514 510 1
514 176 1
514 16 1
514 511 1
514 177 1
514 178 1
514 180 1
514 512 1
514 17 1
514 51 1
514 513 1
514 181 1
514 18 1
514 182 1
110 94 1
110 27 1
110 45 1
110 105 1
110 109 1
110 111 1
111 94 1
111 27 1
111 45 1
111 105 1
111 109 1
111 110 1
230 1 1
230 89 1
230 90 1
230 193 1
230 3 1
230 91 1
230 14 1
230 226 1
230 237 1
609 28 1
609 593 1
609 604 1
609 281 1
231 1 1
231 193 1
231 3 1
231 197 1
231 91 1
231 14 1
231 234 1
231 237 1
686 684 1
686 685 2
686 17 2
686 18 2
54 6 2
54 136 1
54 20 1
54 260 1
54 283 1
54 286 1
54 287 1
54 297 1
54 386 1
54 390 1
54 261 2
54 387 1
54 411 1
54 284 1
54 391 1
54 262 1
54 298 1
54 388 1
54 481 1
54 520 1
54 288 1
54 549 1
54 137 1
54 27 1
54 392 1
54 155 1
54 28 2
54 263 1
54 299 1
54 630 1
54 138 1
54 264 1
54 482 1
54 130 9
54 139 12
54 550 1
54 33 1
54 140 1
54 265 1
54 678 1
54 37 1
54 484 1
54 39 5
54 551 1
54 300 1
54 41 1
54 43 10
54 679 1
54 44 1
54 683 1
54 285 2
54 45 1
54 289 1
54 384 1
54 412 1
54 47 1
54 141 1
54 413 1
54 389 1
54 266 1
54 49 1
54 51 4
54 167 1
54 10 2
54 52 1
54 301 1
54 680 1
54 53 1
54 55 1
54 552 1
54 56 6
54 57 1
54 58 17
54 414 1
54 681 1
54 290 1
54 59 1
54 393 1
54 60 1
66 61 1
66 62 1
66 63 1
66 64 1
66 65 1
610 28 1
610 93 1
610 281 1
610 616 1
611 28 1
611 589 1
611 483 1
611 37 1
463 151 1
463 439 1
463 3 1
463 395 1
463 162 1
463 379 1
463 18 1
463 464 1
463 466 1
463 468 1
55 6 1
55 20 1
55 44 1
55 10 1
55 54 1
55 60 1
341 327 1
341 329 1
341 160 1
341 339 1
341 167 1
626 624 1
626 69 2
626 176 1
626 625 1
626 74 2
626 56 1
626 76 2
626 78 2
232 1 1
232 3 1
232 204 1
232 205 1
232 14 1
83 79 1
83 81 1
83 82 1
83 17 1
86 84 1
86 85 1
86 18 1
552 549 1
552 28 1
552 139 1
552 550 1
552 551 1
552 43 1
552 51 1
552 54 1
552 58 1
244 243 1
244 17 1
244 18 1
244 245 1
56 6 1
56 67 1
56 94 4
56 147 2
56 172 1
56 120 1
56 260 1
56 267 1
56 286 1
56 287 1
56 183 7
56 355 1
56 376 1
56 149 1
56 261 2
56 415 1
56 262 1
56 22 1
56 151 9
56 470 2
56 438 1
56 332 2
56 344 3
56 191 1
56 68 1
56 153 6
56 25 2
56 520 1
56 118 1
56 288 1
56 345 1
56 416 1
56 3 2
56 561 1
56 27 6
56 155 3
56 28 4
56 472 2
56 443 3
56 620 1
56 263 1
56 562 1
56 417 1
56 69 3
56 70 1
56 448 1
56 264 1
56 348 2
56 129 1
56 176 4
56 16 1
56 675 1
56 130 8
56 139 5
56 676 1
56 449 1
56 161 1
56 99 2
56 71 1
56 162 2
56 265 1
56 36 1
56 678 1
56 473 1
56 163 1
56 177 1
56 178 4
56 180 1
56 42 1
56 43 5
56 679 1
56 350 2
56 72 1
56 258 7
56 356 1
56 285 1
56 184 1
56 351 1
56 73 1
56 45 4
56 276 1
56 289 1
56 85 1
56 219 1
56 47 2
56 165 2
56 277 1
56 266 1
56 49 1
56 17 1
56 259 1
56 74 3
56 51 2
56 677 1
56 458 2
56 167 1
56 10 2
56 52 1
56 461 1
56 75 1
56 563 1
56 680 1
56 53 1
56 181 1
56 109 5
56 18 4
56 54 6
56 626 1
56 57 1
56 112 1
56 58 9
56 76 3
56 77 1
56 681 1
56 474 2
56 290 1
56 169 17
56 357 1
56 115 3
56 182 1
56 78 3
56 171 1
464 151 1
464 439 1
464 3 1
464 395 1
464 162 1
464 379 1
464 18 1
464 463 1
464 466 1
464 468 1
371 21 1
371 365 1
371 155 2
371 368 1
371 369 1
371 370 1
371 322 2
371 254 1
612 28 1
612 483 1
612 37 1
612 613 1
57 6 1
57 27 1
57 28 1
57 33 1
57 37 1
57 39 1
57 41 2
57 43 1
57 45 1
57 47 2
57 49 1
57 51 1
57 10 2
57 52 3
57 53 1
57 54 1
57 56 1
57 58 1
57 59 1
282 278 1
282 148 1
282 279 1
282 28 1
282 93 1
282 280 1
282 281 1
688 91 1
613 28 1
613 483 1
613 37 1
613 612 1
693 169 1
670 160 1
670 659 1
670 660 1
670 167 1
670 673 1
670 170 1
112 94 1
112 27 1
112 28 1
112 45 1
112 109 1
112 56 1
690 17 1
690 18 1
58 6 1
58 119 2
58 136 1
58 147 1
58 120 2
58 121 1
58 122 1
58 260 1
58 283 1
58 286 1
58 287 1
58 123 1
58 297 1
58 149 1
58 386 1
58 390 1
58 261 2
58 387 1
58 411 1
58 284 1
58 391 1
58 262 1
58 298 1
58 388 1
58 481 1
58 191 1
58 516 1
58 520 1
58 535 1
58 288 1
58 124 1
58 549 1
58 137 1
58 125 1
58 27 2
58 392 1
58 155 2
58 28 3
58 263 1
58 299 1
58 630 1
58 138 1
58 126 1
58 264 1
58 127 1
58 128 1
58 129 2
58 482 1
58 657 1
58 675 1
58 130 15
58 139 12
58 676 1
58 550 1
58 33 1
58 161 1
58 536 1
58 140 1
58 265 1
58 678 1
58 37 1
58 484 1
58 39 5
58 163 1
58 551 1
58 300 1
58 658 1
58 41 1
58 43 10
58 679 1
58 683 1
58 285 2
58 45 1
58 289 1
58 384 1
58 412 1
58 131 1
58 47 1
58 141 1
58 413 1
58 165 1
58 389 1
58 266 1
58 49 2
58 51 7
58 677 1
58 167 2
58 10 1
58 52 1
58 301 1
58 680 1
58 53 2
58 109 1
58 54 17
58 552 1
58 56 9
58 57 1
58 414 1
58 681 1
58 290 1
58 59 1
58 115 1
58 393 1
76 67 1
76 257 1
76 267 2
76 183 1
76 408 1
76 420 1
76 151 1
76 68 1
76 531 1
76 537 1
76 155 1
76 624 1
76 268 1
76 627 1
76 628 3
76 69 21
76 70 3
76 176 2
76 629 2
76 634 1
76 269 1
76 71 1
76 635 1
76 636 1
76 270 1
76 637 1
76 72 3
76 258 1
76 532 1
76 73 1
76 271 1
76 625 1
76 638 1
76 639 1
76 533 1
76 409 1
76 640 2
76 641 1
76 631 1
76 642 1
76 259 1
76 74 21
76 691 2
76 632 1
76 75 4
76 643 1
76 626 2
76 56 3
76 534 1
76 77 2
76 169 1
76 633 2
76 78 21
76 410 1
534 531 1
534 69 1
534 532 1
534 533 1
534 74 1
534 76 1
534 78 1
546 154 1
546 156 1
546 160 1
546 545 1
546 167 1
546 59 1
113 94 1
113 28 1
113 93 1
113 100 1
113 49 1
77 67 1
77 408 1
77 68 1
77 69 2
77 70 1
77 71 1
77 72 1
77 73 1
77 409 1
77 74 2
77 75 2
77 56 1
77 76 2
77 78 2
77 410 1
567 566 2
567 18 2
564 436 1
564 18 1
233 1 1
233 3 1
233 91 1
233 235 1
414 411 1
414 155 1
414 130 1
414 139 1
414 384 1
414 412 1
414 413 1
414 167 1
414 54 1
414 58 1
681 130 1
681 139 1
681 43 1
681 285 1
681 54 1
681 56 1
681 58 1
519 25 1
519 28 1
519 157 1
519 51 1
465 151 1
465 3 1
474 470 3
474 471 1
474 472 4
474 176 2
474 473 3
474 178 4
474 618 1
474 18 4
474 56 2
325 252 1
325 155 1
325 253 1
325 53 1
671 160 1
671 665 1
671 666 1
671 167 1
671 170 1
168 147 1
168 152 1
168 158 1
168 159 1
168 160 1
168 139 1
168 167 1
168 170 1
290 287 1
290 288 1
290 130 1
290 139 1
290 43 1
290 289 1
290 54 1
290 56 1
290 58 1
619 472 1
619 178 1
619 18 1
544 543 1
544 18 1
650 518 1
650 16 1
650 648 1
650 180 1
650 82 1
650 17 1
580 27 1
580 576 1
580 109 1
580 115 1
542 540 1
542 28 1
542 93 1
542 541 1
542 49 1
623 621 1
623 622 1
623 52 1
623 109 1
169 147 1
169 120 1
169 1 1
169 257 1
169 272 4
169 186 1
169 183 12
169 355 1
169 376 1
169 377 3
169 383 1
169 151 25
169 438 2
169 332 1
169 344 2
169 191 1
169 153 10
169 25 2
169 440 1
169 345 1
169 3 2
169 346 1
169 155 3
169 442 1
169 443 3
169 444 1
169 347 1
169 445 2
169 644 1
169 447 1
169 448 1
169 200 1
169 348 2
169 651 1
169 129 1
169 378 1
169 349 1
169 449 1
169 450 1
169 162 4
169 273 1
169 274 1
169 645 1
169 275 1
169 350 3
169 258 14
169 356 1
169 184 1
169 351 1
169 276 3
169 219 1
169 452 1
169 379 2
169 453 1
169 165 1
169 277 2
169 91 1
169 454 1
169 259 2
169 455 1
169 456 1
169 457 1
169 458 2
169 352 1
169 459 1
169 646 1
169 461 1
169 462 1
169 228 1
169 353 1
169 229 1
169 56 17
169 693 1
169 76 1
169 357 1
169 354 1
169 171 1
357 355 1
357 350 1
357 258 1
357 356 1
357 56 1
357 169 1
633 628 1
633 69 2
633 74 2
633 76 2
633 78 2
114 94 1
114 27 1
114 45 1
114 109 1
486 481 1
486 28 1
486 483 1
486 37 1
486 485 1
354 183 1
354 346 1
354 258 1
354 169 1
672 160 1
672 167 1
672 59 1
530 118 2
530 91 2
530 18 2
559 3 1
559 554 1
559 558 1
254 251 1
254 252 6
254 309 1
254 21 1
254 401 1
254 312 1
254 155 9
254 253 6
254 368 1
254 582 1
254 318 1
254 319 1
254 321 1
254 402 1
254 583 1
254 322 4
254 371 1
245 243 1
245 17 1
245 18 1
245 244 1
59 6 1
59 147 1
59 490 1
59 248 1
59 515 1
59 154 2
59 491 1
59 27 1
59 28 1
59 156 2
59 160 7
59 33 1
59 492 1
59 37 1
59 39 1
59 41 1
59 43 1
59 45 1
59 545 1
59 47 1
59 493 1
59 667 1
59 49 1
59 51 1
59 167 7
59 10 1
59 52 1
59 53 1
59 54 1
59 57 1
59 58 1
59 546 1
59 672 1
59 674 1
135 132 1
135 133 1
135 3 1
135 134 1
234 1 2
234 193 1
234 3 2
234 197 1
234 212 1
234 91 1
234 14 1
234 231 1
234 237 1
115 94 1
115 147 2
115 21 1
115 148 3
115 149 1
115 191 1
115 25 1
115 372 1
115 27 11
115 155 1
115 28 1
115 575 1
115 576 1
115 366 1
115 577 1
115 578 1
115 161 1
115 99 3
115 163 1
115 579 1
115 164 1
115 104 1
115 45 3
115 47 2
115 165 1
115 49 1
115 51 1
115 167 1
115 107 1
115 52 1
115 108 1
115 53 1
115 109 10
115 56 3
115 58 1
115 580 1
115 373 1
115 581 1
115 374 1
496 494 1
496 248 1
496 28 1
496 157 1
496 495 1
496 51 1
342 327 1
342 334 1
342 155 1
342 339 1
466 151 2
466 439 1
466 416 1
466 3 2
466 395 1
466 156 1
466 162 1
466 276 1
466 219 1
466 379 1
466 91 1
466 18 1
466 463 1
466 464 1
466 468 1
673 160 1
673 659 1
673 660 1
673 167 1
673 670 1
673 170 1
674 160 1
674 167 1
674 59 1
235 1 3
235 3 3
235 176 1
235 208 1
235 178 1
235 91 3
235 14 1
235 18 1
235 233 1
236 1 1
236 3 1
614 28 1
614 93 1
614 603 1
614 49 1
393 390 1
393 391 1
393 392 1
393 139 1
393 43 1
393 51 1
393 54 1
393 58 1
373 148 1
373 406 1
373 27 1
373 28 2
373 586 1
373 93 2
373 407 1
373 281 2
373 109 1
373 115 1
373 374 1
182 172 2
182 173 1
182 480 1
182 174 1
182 507 1
182 25 2
182 118 6
182 3 1
182 472 2
182 509 2
182 518 1
182 175 1
182 510 2
182 176 3
182 16 2
182 511 1
182 177 3
182 527 2
182 178 5
182 179 1
182 180 2
182 512 2
182 85 1
182 165 1
182 17 4
182 528 2
182 51 3
182 529 2
182 513 2
182 181 6
182 18 7
182 514 1
182 56 1
581 27 1
581 575 1
581 578 1
581 579 1
581 109 1
581 115 1
396 394 1
396 395 1
396 178 1
396 18 1
60 6 1
60 20 1
60 44 1
60 10 1
60 54 1
60 55 1
467 151 1
467 3 1
467 451 1
467 219 1
237 1 3
237 89 1
237 90 1
237 191 1
237 193 2
237 195 1
237 3 3
237 197 1
237 91 2
237 14 2
237 226 1
237 230 1
237 231 1
237 234 1
615 28 1
615 157 1
615 51 1
374 148 1
374 27 1
374 109 1
374 115 1
374 373 1
616 28 1
616 93 1
616 281 1
616 610 1
617 28 1
617 37 1
326 252 1
326 155 1
326 253 1
326 53 1
78 67 1
78 267 2
78 408 1
78 420 1
78 68 1
78 531 1
78 537 1
78 624 1
78 268 1
78 627 1
78 628 3
78 69 21
78 70 3
78 176 2
78 629 2
78 634 1
78 269 1
78 71 1
78 635 1
78 636 1
78 270 1
78 637 1
78 72 3
78 532 1
78 73 1
78 271 1
78 625 1
78 638 1
78 639 1
78 533 1
78 409 1
78 640 2
78 641 1
78 631 1
78 642 1
78 74 21
78 632 1
78 75 4
78 643 1
78 626 2
78 56 3
78 76 21
78 534 1
78 77 2
78 633 2
78 410 1
498 497 1
498 508 1
498 118 1
498 16 2
498 504 1
498 180 2
498 505 1
498 17 2
498 18 2
343 327 1
343 160 1
343 339 1
343 167 1
410 408 1
410 69 1
410 409 1
410 74 1
410 75 1
410 76 1
410 77 1
410 78 1
170 147 1
170 152 1
170 499 1
170 547 1
170 158 1
170 159 1
170 160 8
170 659 1
170 660 1
170 139 1
170 661 1
170 548 1
170 662 1
170 663 1
170 664 1
170 665 1
170 666 1
170 668 1
170 167 8
170 669 1
170 670 1
170 671 1
170 168 1
170 673 1
468 151 1
468 439 1
468 3 1
468 395 1
468 162 1
468 379 1
468 18 1
468 463 1
468 464 1
468 466 1
171 147 1
171 151 1
171 153 1
171 162 1
171 56 1
171 169 1
