Total Edges: 3288, Total Unique Nodes: 335
SourceID,TargetID,Weight
0 1 1
0 2 1
0 3 1
0 4 1
5 1 1
5 3 1
5 6 1
5 7 1
5 8 1
9 10 1
9 11 1
9 12 1
13 14 1
13 15 1
13 16 1
13 17 1
13 18 1
13 19 1
13 20 1
13 21 1
13 22 1
13 23 1
13 24 1
13 25 1
26 27 1
26 28 1
26 29 2
26 11 2
26 30 1
31 32 1
31 12 1
31 33 1
34 1 1
34 35 1
34 36 1
34 37 1
34 3 1
34 38 1
34 8 1
39 40 1
39 41 1
39 12 1
42 43 1
42 3 1
42 44 1
42 45 1
46 1 2
46 3 2
46 47 1
46 8 2
48 49 1
48 3 1
48 50 1
51 52 1
51 53 1
51 54 1
51 22 1
51 55 1
51 56 1
57 58 1
57 59 1
57 41 1
57 3 1
57 60 1
57 61 1
57 10 1
57 62 1
57 63 1
57 64 1
57 65 1
57 32 1
57 66 1
57 11 1
57 67 1
57 68 1
57 12 2
57 22 1
57 69 2
70 71 1
70 72 1
70 73 1
70 22 1
70 55 1
1 0 1
1 5 1
1 34 1
1 46 2
1 74 1
1 35 1
1 75 1
1 76 2
1 77 2
1 36 2
1 37 2
1 52 2
1 2 2
1 78 1
1 79 1
1 80 1
1 81 1
1 82 3
1 83 1
1 84 1
1 3 39
1 85 2
1 86 1
1 6 1
1 87 1
1 88 1
1 89 1
1 90 1
1 91 1
1 92 1
1 93 1
1 94 1
1 95 1
1 96 1
1 97 1
1 98 1
1 99 1
1 54 1
1 7 1
1 100 1
1 101 1
1 102 1
1 103 1
1 104 1
1 105 1
1 106 1
1 107 1
1 108 1
1 109 1
1 110 1
1 47 1
1 111 2
1 38 11
1 8 28
1 112 1
1 113 1
1 114 1
1 115 3
1 116 1
1 4 2
1 117 1
1 118 1
1 119 1
1 120 1
1 121 1
1 122 1
1 55 1
1 123 2
1 124 3
1 125 1
1 126 3
74 1 1
74 3 1
74 88 1
74 8 1
127 11 1
127 12 1
127 128 1
127 129 1
130 131 2
130 52 2
130 132 1
130 3 2
130 133 1
130 134 1
130 135 1
136 71 1
136 52 1
136 137 1
136 138 1
136 139 1
136 23 1
136 55 1
40 39 1
40 41 1
40 12 1
35 34 1
35 1 1
35 36 1
35 37 1
35 3 1
35 38 1
35 8 1
131 130 2
131 52 2
131 132 1
131 3 2
131 133 1
131 134 1
131 135 1
140 141 1
140 15 2
140 142 1
140 143 1
140 144 1
140 20 2
140 22 1
140 23 2
140 25 2
145 52 4
145 146 1
145 147 1
145 148 1
145 149 1
145 66 1
145 150 1
145 55 4
58 57 1
58 59 1
58 60 1
58 64 1
58 12 1
58 69 1
151 152 1
151 153 1
151 154 1
151 12 1
155 156 1
155 61 1
155 10 1
155 157 1
155 65 1
155 29 1
155 11 1
155 12 1
158 63 1
158 12 1
75 1 1
75 52 1
75 3 1
75 89 1
75 117 1
75 118 1
75 55 1
71 70 1
71 136 1
71 52 1
71 159 1
71 160 1
71 161 1
71 162 1
71 137 2
71 163 1
71 164 2
71 72 1
71 165 1
71 166 2
71 138 11
71 73 1
71 167 1
71 139 1
71 168 1
71 169 1
71 22 7
71 23 1
71 55 12
71 170 1
171 166 1
171 138 1
171 172 1
171 22 1
171 55 1
171 173 1
174 61 1
174 65 1
174 29 1
174 11 1
175 52 1
175 53 1
175 150 1
175 22 1
175 55 1
176 52 1
176 177 2
176 54 3
176 178 3
176 55 3
179 55 1
180 3 1
76 1 2
76 3 2
76 96 1
76 54 1
76 107 1
76 8 2
76 114 1
76 116 1
77 1 2
77 3 2
77 111 2
77 38 2
77 8 2
77 115 2
36 34 1
36 1 2
36 35 1
36 37 2
36 82 1
36 3 2
36 38 2
36 8 2
36 115 1
36 119 1
36 126 1
181 182 1
181 63 1
181 12 1
181 183 1
37 34 1
37 1 2
37 35 1
37 36 2
37 82 1
37 3 2
37 38 2
37 8 2
37 115 1
37 119 1
37 126 1
184 185 1
184 186 1
184 10 1
184 187 1
184 65 1
184 11 1
184 12 1
185 184 1
185 186 2
185 10 2
185 187 1
185 65 1
185 29 1
185 11 2
185 12 1
152 151 1
152 153 1
152 154 1
152 12 1
188 15 1
188 189 1
188 20 1
188 21 1
188 23 1
188 24 1
188 25 1
188 190 1
191 192 1
191 29 1
191 11 1
193 15 1
193 20 1
193 23 1
193 25 1
194 11 1
194 12 1
195 196 1
195 197 1
195 12 1
52 51 1
52 1 2
52 130 2
52 136 1
52 131 2
52 145 4
52 75 1
52 71 1
52 175 1
52 176 1
52 198 2
52 132 1
52 160 1
52 80 1
52 199 1
52 81 1
52 53 10
52 200 2
52 201 1
52 3 15
52 182 1
52 202 1
52 137 2
52 203 1
52 204 3
52 205 1
52 206 2
52 207 1
52 133 3
52 208 1
52 209 1
52 89 1
52 210 1
52 211 1
52 54 4
52 146 1
52 147 1
52 148 1
52 212 1
52 134 1
52 138 1
52 149 2
52 108 4
52 213 1
52 178 2
52 214 1
52 66 1
52 150 2
52 38 1
52 215 1
52 8 1
52 135 1
52 139 2
52 216 1
52 217 1
52 218 1
52 219 2
52 220 1
52 221 1
52 222 1
52 223 1
52 117 1
52 118 1
52 12 1
52 224 1
52 22 9
52 225 1
52 23 1
52 226 1
52 55 25
52 227 2
52 228 1
52 229 1
52 56 1
43 42 1
43 3 1
43 44 1
43 45 1
230 10 1
230 65 1
230 231 1
230 29 1
230 11 1
232 233 1
232 234 3
232 61 2
232 235 2
232 63 3
232 12 3
232 22 2
232 236 3
237 238 1
237 239 1
237 65 1
237 11 1
237 12 1
240 41 1
240 241 1
240 63 1
240 12 1
242 41 1
242 11 1
242 68 1
242 12 1
242 69 1
238 237 1
238 239 1
238 65 1
238 11 1
238 12 1
59 57 1
59 58 1
59 60 1
59 64 1
59 12 1
59 69 1
198 52 2
198 53 2
198 204 1
198 219 1
198 222 1
198 223 1
198 22 1
198 55 2
2 0 1
2 1 2
2 78 1
2 3 2
2 38 1
2 8 1
2 4 2
243 63 1
243 12 1
244 10 1
244 65 1
244 11 1
244 12 1
244 245 1
159 71 1
159 138 1
159 22 2
159 55 1
132 130 1
132 131 1
132 52 1
132 3 1
132 246 1
132 134 1
78 1 1
78 2 1
78 3 1
78 38 1
78 8 1
78 4 1
247 80 1
247 246 1
247 248 1
160 71 1
160 52 1
160 53 1
160 137 1
160 204 1
160 164 1
160 249 1
160 250 1
160 246 1
160 65 1
160 138 1
160 251 1
160 248 1
160 11 1
160 219 1
160 12 1
160 22 3
160 55 2
79 1 1
79 3 1
79 90 1
79 102 1
79 104 1
79 8 1
80 1 1
80 52 1
80 247 1
80 53 1
80 84 1
80 3 1
80 204 1
80 210 1
80 139 1
80 22 1
80 55 1
80 126 1
252 253 1
252 200 1
252 41 1
252 234 1
252 254 1
252 255 1
252 61 1
252 10 1
252 256 1
252 62 1
252 63 2
252 65 1
252 257 1
252 11 1
252 67 1
252 258 1
252 68 1
252 12 2
252 259 1
252 69 1
156 155 1
156 61 1
156 10 1
156 157 1
156 65 1
156 29 1
156 11 1
156 12 1
199 52 1
199 3 1
199 182 1
199 54 1
199 178 1
199 12 1
199 224 1
199 225 1
199 227 1
199 229 1
253 252 1
253 41 1
253 10 1
253 250 1
253 63 1
253 65 1
253 251 1
253 11 1
253 12 2
253 245 1
260 61 1
260 157 1
260 29 1
260 11 1
81 1 1
81 52 1
81 3 1
81 8 1
14 13 1
14 15 1
14 16 1
14 17 1
14 18 1
14 19 1
14 20 1
14 21 1
14 22 1
14 23 1
14 24 1
14 25 1
53 51 1
53 175 1
53 52 10
53 198 2
53 160 1
53 80 1
53 201 1
53 137 1
53 204 3
53 208 1
53 210 1
53 54 1
53 213 1
53 150 1
53 139 1
53 218 1
53 219 2
53 222 1
53 223 1
53 22 6
53 55 10
53 56 1
200 52 2
200 252 1
200 41 2
200 234 2
200 254 2
200 261 1
200 255 2
200 61 2
200 10 1
200 256 1
200 54 1
200 62 2
200 63 2
200 65 1
200 257 2
200 149 1
200 11 2
200 67 2
200 258 2
200 68 2
200 12 2
200 259 1
200 22 2
200 55 2
200 69 2
262 3 1
41 39 1
41 57 1
41 40 1
41 240 1
41 242 1
41 252 1
41 253 1
41 200 2
41 3 1
41 263 1
41 234 2
41 254 2
41 261 1
41 264 1
41 255 2
41 61 3
41 10 3
41 250 1
41 241 1
41 256 1
41 265 1
41 62 3
41 266 2
41 63 6
41 65 3
41 257 2
41 32 2
41 251 1
41 66 1
41 38 2
41 11 5
41 267 2
41 67 3
41 268 2
41 258 2
41 68 7
41 12 14
41 259 1
41 22 1
41 269 2
41 69 6
41 245 1
82 1 3
82 36 1
82 37 1
82 3 3
82 86 1
82 100 1
82 108 1
82 38 3
82 8 3
82 115 1
82 119 1
82 120 1
82 123 1
82 126 2
270 15 1
270 271 1
270 272 1
270 20 1
270 23 1
270 273 1
270 25 1
83 1 1
83 3 1
83 8 1
201 52 1
201 53 1
201 218 1
201 55 1
274 15 1
274 20 1
274 23 1
274 25 1
161 71 1
161 138 1
161 167 1
161 22 1
161 55 1
275 12 1
275 276 1
84 1 1
84 80 1
84 3 1
84 126 1
49 48 1
49 3 1
49 50 1
3 0 1
3 5 1
3 34 1
3 42 1
3 46 2
3 48 1
3 57 1
3 1 39
3 74 1
3 130 2
3 35 1
3 131 2
3 75 1
3 180 1
3 76 2
3 77 2
3 36 2
3 37 2
3 52 15
3 43 1
3 2 2
3 132 1
3 78 1
3 79 1
3 80 1
3 199 1
3 81 1
3 262 1
3 41 1
3 82 3
3 83 1
3 84 1
3 49 1
3 85 2
3 182 1
3 86 1
3 202 1
3 6 1
3 87 1
3 207 1
3 133 3
3 209 1
3 88 1
3 89 1
3 90 1
3 91 1
3 92 1
3 93 1
3 94 1
3 61 1
3 10 1
3 95 1
3 277 1
3 96 1
3 97 1
3 98 1
3 99 1
3 54 2
3 7 1
3 100 1
3 101 1
3 102 1
3 103 1
3 62 1
3 104 1
3 63 1
3 65 1
3 105 1
3 106 1
3 212 1
3 134 1
3 44 1
3 107 1
3 50 1
3 278 1
3 32 1
3 108 5
3 109 1
3 178 1
3 110 1
3 279 1
3 66 1
3 47 1
3 111 2
3 38 13
3 8 28
3 112 1
3 11 1
3 135 1
3 67 1
3 113 1
3 114 1
3 115 3
3 221 1
3 116 1
3 280 1
3 4 2
3 281 1
3 117 1
3 68 1
3 118 1
3 12 2
3 119 1
3 120 1
3 224 1
3 121 1
3 22 2
3 225 1
3 122 1
3 226 1
3 55 2
3 282 1
3 45 1
3 123 2
3 227 2
3 124 3
3 125 1
3 69 1
3 228 1
3 126 3
3 229 1
85 1 2
85 3 2
85 87 1
85 95 1
85 106 1
85 8 2
182 181 1
182 52 1
182 199 1
182 3 1
182 54 1
182 63 1
182 178 1
182 12 2
182 224 1
182 225 1
182 227 1
182 183 1
182 229 1
86 1 1
86 82 1
86 3 1
86 38 1
86 8 1
86 120 1
86 123 1
86 126 1
202 52 1
202 3 1
6 5 1
6 1 1
6 3 1
6 7 1
6 8 1
162 71 1
162 138 1
162 55 1
162 170 1
263 41 1
263 68 1
263 12 1
283 61 2
283 29 2
283 11 2
196 195 1
196 197 1
196 12 2
196 284 1
186 184 1
186 185 2
186 285 1
186 10 2
186 286 1
186 63 1
186 187 1
186 65 1
186 29 1
186 11 2
186 12 2
287 12 2
287 288 2
289 12 1
137 136 1
137 71 2
137 52 2
137 160 1
137 53 1
137 164 1
137 138 2
137 139 1
137 22 2
137 23 1
137 55 3
203 52 1
203 206 1
203 55 1
233 232 1
233 234 1
233 235 1
233 63 1
233 12 1
233 236 1
234 232 3
234 252 1
234 200 2
234 41 2
234 233 1
234 254 2
234 261 1
234 255 2
234 61 4
234 10 1
234 256 1
234 235 3
234 62 2
234 63 7
234 65 1
234 257 2
234 290 1
234 11 2
234 67 2
234 258 2
234 68 2
234 12 7
234 259 1
234 22 2
234 236 4
234 291 1
234 69 2
204 52 3
204 198 1
204 160 1
204 80 1
204 53 3
204 210 1
204 139 1
204 219 2
204 222 1
204 22 3
204 55 3
292 61 1
292 63 1
292 12 1
292 22 1
205 52 1
205 217 1
205 55 1
87 1 1
87 3 1
87 85 1
87 106 1
87 8 1
163 71 1
163 138 1
163 55 1
293 15 1
293 61 1
293 294 1
293 20 1
293 295 1
293 23 1
293 25 1
192 191 1
192 29 1
192 11 1
141 140 1
141 15 1
141 142 1
141 143 1
141 144 1
141 20 1
141 23 1
141 25 1
206 52 2
206 203 1
206 55 2
296 297 1
296 15 1
296 16 1
296 298 1
296 18 1
296 20 1
296 21 1
296 23 1
296 25 1
297 296 1
297 15 3
297 16 1
297 298 1
297 18 1
297 299 1
297 20 3
297 300 1
297 21 1
297 23 3
297 301 1
297 25 3
15 13 1
15 140 2
15 188 1
15 193 1
15 14 1
15 270 1
15 274 1
15 293 1
15 141 1
15 296 1
15 297 3
15 16 3
15 61 2
15 298 2
15 302 1
15 142 1
15 17 1
15 303 1
15 304 1
15 143 1
15 305 1
15 18 3
15 271 1
15 19 1
15 144 1
15 294 1
15 306 1
15 307 1
15 272 1
15 189 1
15 308 2
15 309 1
15 299 1
15 310 1
15 20 21
15 300 1
15 21 4
15 311 1
15 295 2
15 22 3
15 23 21
15 273 1
15 24 2
15 301 2
15 25 21
15 190 1
207 52 1
207 3 1
207 221 1
312 313 1
312 138 1
312 314 1
312 55 1
315 12 1
133 130 1
133 131 1
133 52 3
133 3 3
133 108 2
133 38 1
133 135 1
133 227 1
208 52 1
208 53 1
208 213 1
208 55 1
254 252 1
254 200 2
254 41 2
254 234 2
254 261 1
254 255 2
254 61 2
254 10 1
254 256 1
254 62 2
254 63 2
254 65 1
254 257 2
254 11 2
254 67 2
254 258 2
254 68 2
254 12 2
254 259 1
254 69 2
16 13 1
16 14 1
16 296 1
16 297 1
16 15 3
16 298 1
16 17 1
16 304 1
16 18 3
16 19 1
16 20 3
16 21 3
16 22 1
16 23 3
16 24 1
16 25 3
209 52 1
209 3 1
209 108 1
209 22 1
209 55 1
285 186 1
285 286 1
285 63 1
285 12 1
88 1 1
88 74 1
88 3 1
88 8 1
89 1 1
89 75 1
89 52 1
89 3 1
89 117 1
89 118 1
89 55 1
261 200 1
261 41 1
261 234 1
261 254 1
261 255 1
261 61 1
261 10 3
261 316 2
261 62 1
261 63 1
261 65 3
261 257 1
261 29 2
261 11 4
261 67 1
261 258 1
261 317 1
261 68 1
261 12 2
261 318 1
261 69 1
90 1 1
90 79 1
90 3 1
90 102 1
90 104 1
90 8 1
91 1 1
91 3 1
91 103 1
164 71 2
164 160 1
164 137 1
164 138 2
164 168 1
164 22 2
164 55 2
60 57 1
60 58 1
60 59 1
60 64 1
60 12 1
60 69 1
92 1 1
92 3 1
92 8 1
264 41 1
264 12 1
93 1 1
93 3 1
93 94 1
93 8 1
93 121 1
319 138 1
319 38 1
319 55 1
255 252 1
255 200 2
255 41 2
255 234 2
255 254 2
255 261 1
255 61 2
255 10 1
255 256 1
255 62 2
255 63 2
255 65 1
255 257 2
255 11 2
255 67 2
255 258 2
255 68 2
255 12 2
255 259 1
255 69 2
72 70 1
72 71 1
72 73 1
72 22 1
72 55 1
94 1 1
94 3 1
94 93 1
94 8 1
94 121 1
177 176 2
177 54 1
177 178 1
177 55 1
61 57 1
61 155 1
61 174 1
61 232 2
61 252 1
61 156 1
61 260 1
61 200 2
61 41 3
61 3 1
61 283 2
61 234 4
61 292 1
61 293 1
61 15 2
61 254 2
61 261 1
61 255 2
61 298 1
61 10 3
61 256 1
61 235 1
61 62 3
61 157 2
61 63 6
61 65 4
61 257 2
61 29 5
61 32 1
61 294 1
61 66 1
61 308 1
61 11 8
61 20 2
61 67 3
61 258 2
61 68 3
61 12 7
61 259 1
61 295 1
61 22 4
61 23 2
61 236 2
61 124 1
61 69 3
61 25 2
298 296 1
298 297 1
298 15 2
298 16 1
298 61 1
298 18 1
298 308 1
298 20 2
298 21 1
298 23 2
298 25 2
10 9 1
10 57 1
10 155 1
10 184 1
10 185 2
10 230 1
10 244 1
10 252 1
10 156 1
10 253 1
10 200 1
10 41 3
10 3 1
10 186 2
10 234 1
10 254 1
10 261 3
10 255 1
10 61 3
10 250 2
10 316 2
10 246 1
10 256 1
10 62 2
10 157 1
10 63 2
10 187 1
10 65 11
10 257 1
10 231 1
10 29 6
10 32 1
10 320 1
10 251 2
10 66 1
10 321 1
10 248 1
10 11 14
10 67 2
10 258 1
10 317 1
10 68 2
10 12 9
10 259 1
10 22 1
10 318 1
10 69 2
10 245 2
249 160 1
249 250 1
249 246 1
249 65 1
249 251 1
249 248 1
249 11 1
249 12 1
322 323 1
322 324 1
322 12 1
250 160 1
250 253 1
250 41 1
250 10 2
250 249 1
250 246 2
250 65 3
250 251 3
250 248 2
250 11 3
250 12 3
250 245 1
302 15 1
302 305 1
302 20 1
302 23 1
302 25 1
239 237 1
239 238 1
239 65 1
239 11 1
239 12 1
95 1 1
95 3 1
95 85 1
95 8 1
241 240 1
241 41 1
241 63 1
241 12 1
277 3 1
277 281 1
277 282 1
153 151 1
153 152 1
153 154 1
153 12 1
316 261 2
316 10 2
316 65 2
316 29 2
316 11 2
316 318 1
165 71 1
165 138 1
165 55 1
246 132 1
246 247 1
246 160 1
246 10 1
246 249 1
246 250 2
246 65 2
246 251 2
246 248 3
246 11 2
246 12 2
142 140 1
142 141 1
142 15 1
142 143 1
142 144 1
142 20 1
142 23 1
142 25 1
96 1 1
96 76 1
96 3 1
96 107 1
96 8 1
96 116 1
210 52 1
210 80 1
210 53 1
210 204 1
210 139 1
210 22 1
210 55 1
97 1 1
97 3 1
97 38 1
97 8 1
97 124 1
325 256 1
325 326 1
325 65 1
325 11 1
325 67 1
325 12 1
256 252 1
256 200 1
256 41 1
256 234 1
256 254 1
256 255 1
256 61 1
256 10 1
256 325 1
256 326 1
256 62 1
256 63 1
256 65 2
256 257 1
256 11 2
256 67 2
256 258 1
256 68 1
256 12 2
256 259 1
256 69 1
98 1 1
98 3 1
98 99 1
98 8 1
99 1 1
99 3 1
99 98 1
99 8 1
211 52 1
211 214 1
211 216 1
211 55 1
17 13 1
17 14 1
17 15 1
17 16 1
17 18 1
17 19 1
17 20 1
17 21 1
17 22 1
17 23 1
17 24 1
17 25 1
54 51 1
54 1 1
54 176 3
54 76 1
54 52 4
54 199 1
54 53 1
54 200 1
54 3 2
54 182 1
54 177 1
54 149 1
54 178 3
54 8 1
54 114 1
54 12 1
54 224 1
54 22 2
54 225 1
54 55 4
54 227 1
54 229 1
54 56 1
7 5 1
7 1 1
7 3 1
7 6 1
7 8 1
146 145 1
146 52 1
146 149 1
146 66 1
146 55 1
265 41 1
265 32 1
265 12 1
100 1 1
100 82 1
100 3 1
100 108 1
100 38 1
100 8 1
101 1 1
101 3 1
101 123 1
303 15 1
303 310 1
303 20 1
303 23 1
303 25 1
326 325 1
326 256 1
326 65 1
326 11 1
326 67 1
326 12 1
147 145 1
147 52 1
147 55 1
235 232 2
235 233 1
235 234 3
235 61 1
235 63 3
235 290 1
235 12 3
235 22 1
235 236 3
102 1 1
102 79 1
102 3 1
102 90 1
102 104 1
102 8 1
103 1 1
103 3 1
103 91 1
154 151 1
154 152 1
154 153 1
154 12 1
313 312 1
313 138 1
313 314 1
313 55 1
62 57 1
62 252 1
62 200 2
62 41 3
62 3 1
62 234 2
62 254 2
62 261 1
62 255 2
62 61 3
62 10 2
62 256 1
62 63 3
62 65 2
62 257 2
62 32 1
62 66 1
62 11 3
62 67 3
62 258 2
62 68 3
62 12 3
62 259 1
62 22 1
62 69 3
157 155 1
157 156 1
157 260 1
157 61 2
157 10 1
157 65 1
157 29 2
157 11 2
157 12 1
266 41 2
266 63 2
266 267 2
266 268 2
266 68 2
266 12 2
266 69 2
286 186 1
286 285 1
286 63 1
286 12 1
104 1 1
104 79 1
104 3 1
104 90 1
104 102 1
104 8 1
304 15 1
304 16 1
304 18 1
304 20 1
304 21 1
304 23 1
304 25 1
63 57 1
63 158 1
63 181 1
63 232 3
63 240 1
63 243 1
63 252 2
63 253 1
63 200 2
63 41 6
63 3 1
63 182 1
63 186 1
63 233 1
63 234 7
63 292 1
63 254 2
63 285 1
63 261 1
63 255 2
63 61 6
63 10 2
63 241 1
63 256 1
63 235 3
63 62 3
63 266 2
63 286 1
63 65 2
63 257 2
63 32 1
63 66 1
63 290 1
63 11 3
63 267 2
63 67 3
63 268 2
63 258 2
63 68 5
63 12 18
63 259 1
63 22 4
63 236 4
63 291 1
63 124 1
63 69 5
63 183 1
143 140 1
143 141 1
143 15 1
143 142 1
143 144 1
143 20 1
143 23 1
143 25 1
187 184 1
187 185 1
187 186 1
187 10 1
187 65 1
187 11 1
187 12 1
64 57 1
64 58 1
64 59 1
64 60 1
64 12 1
64 69 1
327 328 1
327 329 1
323 322 1
323 324 1
323 12 1
27 26 1
27 29 1
27 11 1
65 57 1
65 155 1
65 174 1
65 184 1
65 185 1
65 230 1
65 237 1
65 238 1
65 244 1
65 160 1
65 252 1
65 156 1
65 253 1
65 200 1
65 41 3
65 3 1
65 186 1
65 234 1
65 254 1
65 261 3
65 255 1
65 61 4
65 10 11
65 249 1
65 250 3
65 239 1
65 316 2
65 246 2
65 325 1
65 256 2
65 326 1
65 62 2
65 157 1
65 63 2
65 187 1
65 257 1
65 231 1
65 29 5
65 32 1
65 251 3
65 66 1
65 248 2
65 11 15
65 67 3
65 258 1
65 317 1
65 68 2
65 12 11
65 259 1
65 22 1
65 318 1
65 69 2
65 245 2
330 12 1
28 26 1
28 29 1
28 11 1
28 30 1
105 1 1
105 3 1
105 8 1
106 1 1
106 3 1
106 85 1
106 87 1
106 8 1
148 145 1
148 52 1
148 55 1
212 52 1
212 3 1
212 108 1
212 228 1
166 71 2
166 171 1
166 138 3
166 172 1
166 22 2
166 55 3
166 173 1
305 15 1
305 302 1
305 20 1
305 23 1
305 25 1
134 130 1
134 131 1
134 52 1
134 132 1
134 3 1
257 252 1
257 200 2
257 41 2
257 234 2
257 254 2
257 261 1
257 255 2
257 61 2
257 10 1
257 256 1
257 62 2
257 63 2
257 65 1
257 11 2
257 67 2
257 258 2
257 68 2
257 12 2
257 259 1
257 69 2
44 42 1
44 43 1
44 3 1
44 45 1
18 13 1
18 14 1
18 296 1
18 297 1
18 15 3
18 16 3
18 298 1
18 17 1
18 304 1
18 19 1
18 20 3
18 21 3
18 22 1
18 23 3
18 24 1
18 25 3
138 136 1
138 71 11
138 171 1
138 52 1
138 159 1
138 160 1
138 161 1
138 162 1
138 137 2
138 163 1
138 312 1
138 164 2
138 319 1
138 165 1
138 313 1
138 166 3
138 172 1
138 167 1
138 38 1
138 139 1
138 168 1
138 314 1
138 169 1
138 22 7
138 23 1
138 55 14
138 173 1
138 170 1
172 171 1
172 166 1
172 138 1
172 22 1
172 55 1
172 173 1
107 1 1
107 76 1
107 3 1
107 96 1
107 8 1
107 116 1
231 230 1
231 10 1
231 65 1
231 29 1
231 11 1
73 70 1
73 71 1
73 72 1
73 22 1
73 55 1
271 270 1
271 15 1
271 272 1
271 20 1
271 23 1
271 273 1
271 25 1
29 26 2
29 155 1
29 174 1
29 185 1
29 191 1
29 230 1
29 156 1
29 260 1
29 283 2
29 186 1
29 192 1
29 261 2
29 61 5
29 10 6
29 316 2
29 157 2
29 27 1
29 65 5
29 28 1
29 231 1
29 320 1
29 321 1
29 11 13
29 12 1
29 30 1
29 318 1
167 71 1
167 161 1
167 138 1
167 22 1
167 55 1
19 13 1
19 14 1
19 15 1
19 16 1
19 17 1
19 18 1
19 20 1
19 21 1
19 22 1
19 23 1
19 24 1
19 25 1
149 145 1
149 52 2
149 200 1
149 54 1
149 146 1
149 66 1
149 22 1
149 55 3
328 327 1
328 329 2
50 48 1
50 49 1
50 3 1
278 3 1
278 280 1
32 31 1
32 57 1
32 41 2
32 3 1
32 61 1
32 10 1
32 265 1
32 62 1
32 63 1
32 65 1
32 66 1
32 11 1
32 67 1
32 68 1
32 12 3
32 33 1
32 22 1
32 69 1
108 1 1
108 52 4
108 82 1
108 3 5
108 133 2
108 209 1
108 100 1
108 212 1
108 38 2
108 8 1
108 22 1
108 55 1
108 227 1
108 228 1
109 1 1
109 3 1
109 8 1
144 140 1
144 141 1
144 15 1
144 142 1
144 143 1
144 20 1
144 23 1
144 25 1
213 52 1
213 53 1
213 208 1
213 55 1
320 10 1
320 29 1
320 321 1
320 11 1
251 160 1
251 253 1
251 41 1
251 10 2
251 249 1
251 250 3
251 246 2
251 65 3
251 248 2
251 11 3
251 12 3
251 245 1
178 176 3
178 52 2
178 199 1
178 3 1
178 182 1
178 177 1
178 54 3
178 12 1
178 224 1
178 225 1
178 55 2
178 227 1
178 229 1
294 293 1
294 15 1
294 61 1
294 20 1
294 295 1
294 23 1
294 25 1
306 15 1
306 20 1
306 311 1
306 23 1
306 25 1
110 1 1
110 3 1
110 8 1
214 52 1
214 211 1
214 216 1
214 55 1
307 15 1
307 20 1
307 23 1
307 25 1
272 270 1
272 15 1
272 271 1
272 20 1
272 23 1
272 273 1
272 25 1
279 3 1
279 38 1
189 188 1
189 15 1
189 20 1
189 21 1
189 23 1
189 24 1
189 25 1
189 190 1
66 57 1
66 145 1
66 52 1
66 41 1
66 3 1
66 61 1
66 10 1
66 146 1
66 62 1
66 63 1
66 65 1
66 149 1
66 32 1
66 11 1
66 67 1
66 68 1
66 12 1
66 22 1
66 55 1
66 69 1
321 10 1
321 29 1
321 320 1
321 11 1
308 15 2
308 61 1
308 298 1
308 20 2
308 23 2
308 25 2
309 15 1
309 20 1
309 23 1
309 25 1
47 46 1
47 1 1
47 3 1
47 8 1
299 297 1
299 15 1
299 20 1
299 300 1
299 23 1
299 25 1
290 234 1
290 235 1
290 63 1
290 12 1
290 236 1
111 1 2
111 77 2
111 3 2
111 38 2
111 8 2
111 115 2
248 247 1
248 160 1
248 10 1
248 249 1
248 250 2
248 246 3
248 65 2
248 251 2
248 11 2
248 12 2
150 145 1
150 175 1
150 52 2
150 53 1
150 22 1
150 55 2
38 34 1
38 1 11
38 35 1
38 77 2
38 36 2
38 37 2
38 52 1
38 2 1
38 78 1
38 41 2
38 82 3
38 3 13
38 86 1
38 133 1
38 319 1
38 97 1
38 100 1
38 138 1
38 108 2
38 279 1
38 111 2
38 8 8
38 112 1
38 115 3
38 4 1
38 12 2
38 119 1
38 120 1
38 331 1
38 122 1
38 55 1
38 269 2
38 123 1
38 227 1
38 124 3
38 126 2
215 52 1
215 220 1
215 55 1
8 5 1
8 34 1
8 46 2
8 1 28
8 74 1
8 35 1
8 76 2
8 77 2
8 36 2
8 37 2
8 52 1
8 2 1
8 78 1
8 79 1
8 81 1
8 82 3
8 83 1
8 3 28
8 85 2
8 86 1
8 6 1
8 87 1
8 88 1
8 90 1
8 92 1
8 93 1
8 94 1
8 95 1
8 96 1
8 97 1
8 98 1
8 99 1
8 54 1
8 7 1
8 100 1
8 102 1
8 104 1
8 105 1
8 106 1
8 107 1
8 108 1
8 109 1
8 110 1
8 47 1
8 111 2
8 38 8
8 113 1
8 114 1
8 115 3
8 116 1
8 4 1
8 119 1
8 120 1
8 121 1
8 123 1
8 124 1
8 126 2
112 1 1
112 3 1
112 38 1
310 15 1
310 303 1
310 20 1
310 23 1
310 25 1
11 9 1
11 26 2
11 57 1
11 127 1
11 155 1
11 174 1
11 184 1
11 185 2
11 191 1
11 194 1
11 230 1
11 237 1
11 242 1
11 238 1
11 244 1
11 160 1
11 252 1
11 156 1
11 253 1
11 260 1
11 200 2
11 41 5
11 3 1
11 283 2
11 186 2
11 234 2
11 192 1
11 254 2
11 261 4
11 255 2
11 61 8
11 10 14
11 249 1
11 250 3
11 239 1
11 316 2
11 246 2
11 325 1
11 256 2
11 326 1
11 62 3
11 157 2
11 63 3
11 187 1
11 27 1
11 65 15
11 28 1
11 257 2
11 231 1
11 29 13
11 32 1
11 320 1
11 251 3
11 66 1
11 321 1
11 248 2
11 67 4
11 258 2
11 317 1
11 68 4
11 12 20
11 259 1
11 329 2
11 30 1
11 128 1
11 22 1
11 332 1
11 318 1
11 129 1
11 69 4
11 245 2
135 130 1
135 131 1
135 52 1
135 3 1
135 133 1
324 322 1
324 323 1
324 12 1
267 41 2
267 266 2
267 63 2
267 268 2
267 68 2
267 12 2
267 69 2
139 136 1
139 71 1
139 52 2
139 80 1
139 53 1
139 137 1
139 204 1
139 210 1
139 138 1
139 22 1
139 23 1
139 55 2
20 13 1
20 140 2
20 188 1
20 193 1
20 14 1
20 270 1
20 274 1
20 293 1
20 141 1
20 296 1
20 297 3
20 15 21
20 16 3
20 61 2
20 298 2
20 302 1
20 142 1
20 17 1
20 303 1
20 304 1
20 143 1
20 305 1
20 18 3
20 271 1
20 19 1
20 144 1
20 294 1
20 306 1
20 307 1
20 272 1
20 189 1
20 308 2
20 309 1
20 299 1
20 310 1
20 300 1
20 21 4
20 311 1
20 295 2
20 22 3
20 23 21
20 273 1
20 24 2
20 301 2
20 25 21
20 190 1
216 52 1
216 211 1
216 214 1
216 55 1
217 52 1
217 205 1
217 55 1
218 52 1
218 53 1
218 201 1
218 55 1
333 23 2
67 57 1
67 252 1
67 200 2
67 41 3
67 3 1
67 234 2
67 254 2
67 261 1
67 255 2
67 61 3
67 10 2
67 325 1
67 256 2
67 326 1
67 62 3
67 63 3
67 65 3
67 257 2
67 32 1
67 66 1
67 11 4
67 258 2
67 68 3
67 12 4
67 259 1
67 22 1
67 69 3
113 1 1
113 3 1
113 8 1
219 52 2
219 198 1
219 160 1
219 53 2
219 204 2
219 222 1
219 22 2
219 55 2
168 71 1
168 164 1
168 138 1
168 55 1
114 1 1
114 76 1
114 3 1
114 54 1
114 8 1
220 52 1
220 215 1
220 55 1
314 312 1
314 313 1
314 138 1
314 55 1
115 1 3
115 77 2
115 36 1
115 37 1
115 82 1
115 3 3
115 111 2
115 38 3
115 8 3
115 119 1
115 126 1
221 52 1
221 3 1
221 207 1
222 52 1
222 198 1
222 53 1
222 204 1
222 219 1
222 22 1
222 55 1
300 297 1
300 15 1
300 299 1
300 20 1
300 23 1
300 25 1
116 1 1
116 76 1
116 3 1
116 96 1
116 107 1
116 8 1
280 3 1
280 278 1
21 13 1
21 188 1
21 14 1
21 296 1
21 297 1
21 15 4
21 16 3
21 298 1
21 17 1
21 304 1
21 18 3
21 19 1
21 189 1
21 20 4
21 22 1
21 23 4
21 24 2
21 25 4
21 190 1
4 0 1
4 1 2
4 2 2
4 78 1
4 3 2
4 38 1
4 8 1
223 52 1
223 198 1
223 53 1
223 55 1
268 41 2
268 266 2
268 63 2
268 267 2
268 68 2
268 12 2
268 69 2
197 195 1
197 196 1
197 12 1
281 3 1
281 277 1
281 282 1
311 15 1
311 306 1
311 20 1
311 23 1
311 25 1
258 252 1
258 200 2
258 41 2
258 234 2
258 254 2
258 261 1
258 255 2
258 61 2
258 10 1
258 256 1
258 62 2
258 63 2
258 65 1
258 257 2
258 11 2
258 67 2
258 68 2
258 12 2
258 259 1
258 69 2
117 1 1
117 75 1
117 52 1
117 3 1
117 89 1
117 118 1
117 55 1
169 71 1
169 138 1
169 55 1
317 261 1
317 10 1
317 65 1
317 11 1
317 12 1
68 57 1
68 242 1
68 252 1
68 200 2
68 41 7
68 3 1
68 263 1
68 234 2
68 254 2
68 261 1
68 255 2
68 61 3
68 10 2
68 256 1
68 62 3
68 266 2
68 63 5
68 65 2
68 257 2
68 32 1
68 66 1
68 11 4
68 267 2
68 67 3
68 268 2
68 258 2
68 12 7
68 259 1
68 22 1
68 69 6
118 1 1
118 75 1
118 52 1
118 3 1
118 89 1
118 117 1
118 55 1
12 9 1
12 31 1
12 39 1
12 57 2
12 127 1
12 40 1
12 58 1
12 151 1
12 155 1
12 158 1
12 181 1
12 184 1
12 185 1
12 152 1
12 194 1
12 195 1
12 52 1
12 232 3
12 237 1
12 240 1
12 242 1
12 238 1
12 59 1
12 243 1
12 244 1
12 160 1
12 252 2
12 156 1
12 199 1
12 253 2
12 200 2
12 41 14
12 275 1
12 3 2
12 182 2
12 263 1
12 196 2
12 186 2
12 287 2
12 289 1
12 233 1
12 234 7
12 292 1
12 315 1
12 254 2
12 285 1
12 261 2
12 60 1
12 264 1
12 255 2
12 61 7
12 10 9
12 249 1
12 322 1
12 250 3
12 239 1
12 241 1
12 153 1
12 246 2
12 325 1
12 256 2
12 54 1
12 265 1
12 326 1
12 235 3
12 154 1
12 62 3
12 157 1
12 266 2
12 286 1
12 63 18
12 187 1
12 64 1
12 323 1
12 65 11
12 330 1
12 257 2
12 29 1
12 32 3
12 251 3
12 178 1
12 66 1
12 290 1
12 248 2
12 38 2
12 11 20
12 324 1
12 267 2
12 67 4
12 268 2
12 197 1
12 258 2
12 317 1
12 68 7
12 259 1
12 329 2
12 224 1
12 33 1
12 128 1
12 22 4
12 225 1
12 332 1
12 288 2
12 284 1
12 236 4
12 291 1
12 276 1
12 269 2
12 129 1
12 227 1
12 124 1
12 69 7
12 183 1
12 245 2
12 229 1
259 252 1
259 200 1
259 41 1
259 234 1
259 254 1
259 255 1
259 61 1
259 10 1
259 256 1
259 62 1
259 63 1
259 65 1
259 257 1
259 11 1
259 67 1
259 258 1
259 68 1
259 12 1
259 69 1
119 1 1
119 36 1
119 37 1
119 82 1
119 3 1
119 38 1
119 8 1
119 115 1
119 126 1
120 1 1
120 82 1
120 3 1
120 86 1
120 38 1
120 8 1
120 123 1
120 126 1
329 327 1
329 328 2
329 11 2
329 12 2
224 52 1
224 199 1
224 3 1
224 182 1
224 54 1
224 178 1
224 12 1
224 225 1
224 227 1
224 229 1
295 293 1
295 15 2
295 61 1
295 294 1
295 20 2
295 22 1
295 23 2
295 25 2
121 1 1
121 3 1
121 93 1
121 94 1
121 8 1
30 26 1
30 28 1
30 29 1
30 11 1
33 31 1
33 32 1
33 12 1
128 127 1
128 11 1
128 12 1
128 129 1
22 13 1
22 51 1
22 57 1
22 70 1
22 140 1
22 71 7
22 171 1
22 175 1
22 52 9
22 232 2
22 198 1
22 159 2
22 160 3
22 80 1
22 14 1
22 53 6
22 200 2
22 41 1
22 161 1
22 3 2
22 137 2
22 234 2
22 204 3
22 292 1
22 15 3
22 16 1
22 209 1
22 164 2
22 72 1
22 61 4
22 10 1
22 210 1
22 17 1
22 54 2
22 235 1
22 62 1
22 63 4
22 65 1
22 166 2
22 18 1
22 138 7
22 172 1
22 73 1
22 167 1
22 19 1
22 149 1
22 32 1
22 108 1
22 66 1
22 150 1
22 11 1
22 139 1
22 20 3
22 67 1
22 219 2
22 222 1
22 21 1
22 68 1
22 12 4
22 295 1
22 23 3
22 24 1
22 236 2
22 55 17
22 173 1
22 69 1
22 25 3
22 56 1
225 52 1
225 199 1
225 3 1
225 182 1
225 54 1
225 178 1
225 12 1
225 224 1
225 227 1
225 229 1
331 38 1
334 55 1
332 11 1
332 12 1
23 13 1
23 136 1
23 140 2
23 71 1
23 188 1
23 193 1
23 52 1
23 14 1
23 270 1
23 274 1
23 137 1
23 293 1
23 141 1
23 296 1
23 297 3
23 15 21
23 16 3
23 61 2
23 298 2
23 302 1
23 142 1
23 17 1
23 303 1
23 304 1
23 143 1
23 305 1
23 18 3
23 138 1
23 271 1
23 19 1
23 144 1
23 294 1
23 306 1
23 307 1
23 272 1
23 189 1
23 308 2
23 309 1
23 299 1
23 310 1
23 139 1
23 20 21
23 333 2
23 300 1
23 21 4
23 311 1
23 295 2
23 22 3
23 273 1
23 24 2
23 55 1
23 301 2
23 25 21
23 190 1
273 270 1
273 15 1
273 271 1
273 272 1
273 20 1
273 23 1
273 25 1
24 13 1
24 188 1
24 14 1
24 15 2
24 16 1
24 17 1
24 18 1
24 19 1
24 189 1
24 20 2
24 21 2
24 22 1
24 23 2
24 25 2
24 190 1
288 287 2
288 12 2
284 196 1
284 12 1
122 1 1
122 3 1
122 38 1
122 124 1
226 52 1
226 3 1
236 232 3
236 233 1
236 234 4
236 61 2
236 235 3
236 63 4
236 290 1
236 12 4
236 22 2
291 234 1
291 63 1
291 12 1
276 275 1
276 12 1
318 261 1
318 10 1
318 316 1
318 65 1
318 29 1
318 11 1
55 51 1
55 70 1
55 1 1
55 136 1
55 145 4
55 75 1
55 71 12
55 171 1
55 175 1
55 176 3
55 179 1
55 52 25
55 198 2
55 159 1
55 160 2
55 80 1
55 53 10
55 200 2
55 201 1
55 161 1
55 3 2
55 162 1
55 137 3
55 203 1
55 204 3
55 205 1
55 163 1
55 206 2
55 312 1
55 208 1
55 209 1
55 89 1
55 164 2
55 319 1
55 72 1
55 177 1
55 165 1
55 210 1
55 211 1
55 54 4
55 146 1
55 147 1
55 313 1
55 148 1
55 166 3
55 138 14
55 172 1
55 73 1
55 167 1
55 149 3
55 108 1
55 213 1
55 178 2
55 214 1
55 66 1
55 150 2
55 38 1
55 215 1
55 139 2
55 216 1
55 217 1
55 218 1
55 219 2
55 168 1
55 220 1
55 314 1
55 222 1
55 223 1
55 117 1
55 169 1
55 118 1
55 22 17
55 334 1
55 23 1
55 173 1
55 170 1
55 56 1
173 171 1
173 166 1
173 138 1
173 172 1
173 22 1
173 55 1
301 297 1
301 15 2
301 20 2
301 23 2
301 25 2
170 71 1
170 162 1
170 138 1
170 55 1
269 41 2
269 38 2
269 12 2
282 3 1
282 277 1
282 281 1
129 127 1
129 11 1
129 12 1
129 128 1
45 42 1
45 43 1
45 3 1
45 44 1
123 1 2
123 82 1
123 3 2
123 86 1
123 101 1
123 38 1
123 8 1
123 120 1
123 126 1
227 52 2
227 199 1
227 3 2
227 182 1
227 133 1
227 54 1
227 108 1
227 178 1
227 38 1
227 12 1
227 224 1
227 225 1
227 229 1
124 1 3
124 3 3
124 61 1
124 97 1
124 63 1
124 38 3
124 8 1
124 12 1
124 122 1
125 1 1
125 3 1
69 57 2
69 58 1
69 242 1
69 59 1
69 252 1
69 200 2
69 41 6
69 3 1
69 234 2
69 254 2
69 261 1
69 60 1
69 255 2
69 61 3
69 10 2
69 256 1
69 62 3
69 266 2
69 63 5
69 64 1
69 65 2
69 257 2
69 32 1
69 66 1
69 11 4
69 267 2
69 67 3
69 268 2
69 258 2
69 68 6
69 12 7
69 259 1
69 22 1
183 181 1
183 182 1
183 63 1
183 12 1
228 52 1
228 3 1
228 212 1
228 108 1
126 1 3
126 36 1
126 37 1
126 80 1
126 82 2
126 84 1
126 3 3
126 86 1
126 38 2
126 8 2
126 115 1
126 119 1
126 120 1
126 123 1
25 13 1
25 140 2
25 188 1
25 193 1
25 14 1
25 270 1
25 274 1
25 293 1
25 141 1
25 296 1
25 297 3
25 15 21
25 16 3
25 61 2
25 298 2
25 302 1
25 142 1
25 17 1
25 303 1
25 304 1
25 143 1
25 305 1
25 18 3
25 271 1
25 19 1
25 144 1
25 294 1
25 306 1
25 307 1
25 272 1
25 189 1
25 308 2
25 309 1
25 299 1
25 310 1
25 20 21
25 300 1
25 21 4
25 311 1
25 295 2
25 22 3
25 23 21
25 273 1
25 24 2
25 301 2
25 190 1
245 244 1
245 253 1
245 41 1
245 10 2
245 250 1
245 65 2
245 251 1
245 11 2
245 12 2
190 188 1
190 15 1
190 189 1
190 20 1
190 21 1
190 23 1
190 24 1
190 25 1
229 52 1
229 199 1
229 3 1
229 182 1
229 54 1
229 178 1
229 12 1
229 224 1
229 225 1
229 227 1
56 51 1
56 52 1
56 53 1
56 54 1
56 22 1
56 55 1
